8.774075697844800306e+05,2.621003029299999980e+02
8.704804787452300079e+05,2.627061595399999874e+02
8.567899320622900268e+05,2.633120161599999847e+02
8.300514095328300027e+05,2.639178727699999740e+02
8.105465638466400560e+05,2.645237293800000202e+02
7.852511947630899958e+05,2.651295860000000175e+02
7.667990805893799989e+05,2.657354426100000069e+02
7.487805608116299845e+05,2.663412992300000042e+02
7.254127723425399745e+05,2.669471558399999935e+02
7.083667628775499761e+05,2.675530124499999829e+02
6.862601998338700505e+05,2.681588690699999802e+02
6.754669913336499594e+05,2.687647256800000264e+02
6.595946257418700261e+05,2.693705823000000237e+02
6.390101334401699714e+05,2.699764389100000130e+02
6.239944441689800005e+05,2.705822955200000024e+02
6.093315989490599604e+05,2.711881521399999997e+02
5.997482907595100114e+05,2.717940087499999890e+02
5.810314704697600100e+05,2.723998653699999863e+02
5.673781846127900062e+05,2.730057219799999757e+02
5.496715638831600081e+05,2.736115785900000219e+02
5.325175277014799649e+05,2.742174352100000192e+02
5.200042398692800198e+05,2.748232918200000086e+02
5.077849937619600096e+05,2.754291484299999979e+02
4.958528798816099879e+05,2.760350050499999952e+02
4.842011510922000161e+05,2.766408616599999846e+02
4.690903019764699857e+05,2.772467182799999819e+02
4.580674498400199809e+05,2.778525748900000281e+02
4.473036166359700146e+05,2.784584315000000174e+02
4.402686156284399913e+05,2.790642881200000147e+02
4.299230258135499898e+05,2.796701447300000041e+02
4.165060771759999916e+05,2.802760013500000014e+02
4.067188680111499853e+05,2.808818579599999907e+02
3.940260699185099802e+05,2.814877145699999801e+02
3.878289955024400260e+05,2.820935711899999774e+02
3.757257086339099915e+05,2.826994278000000236e+02
3.668967711933199898e+05,2.833052844200000209e+02
3.611263748472899897e+05,2.839111410300000102e+02
3.470943180452300003e+05,2.845169976399999996e+02
3.416353662587000290e+05,2.851228542599999969e+02
3.309736805925500230e+05,2.857287108699999862e+02
3.257682673344499781e+05,2.863345674899999835e+02
3.156017588012099732e+05,2.869404240999999729e+02
3.057525245580800110e+05,2.875462807100000191e+02
3.009437789134599734e+05,2.881521373300000164e+02
2.915519878670700127e+05,2.887579939400000058e+02
2.869665822228799807e+05,2.893638505600000030e+02
2.780109886323899846e+05,2.899697071699999924e+02
2.714781867239099811e+05,2.905755637799999818e+02
2.650988949373899959e+05,2.911814203999999791e+02
2.568257435970600054e+05,2.917872770100000253e+02
2.527864975508300122e+05,2.923931336300000225e+02
2.448975889549599960e+05,2.929989902400000119e+02
2.391428975868900015e+05,2.936048468500000013e+02
2.335234320202899980e+05,2.942107034699999986e+02
2.262356811789599888e+05,2.948165600799999879e+02
2.226775426219700021e+05,2.954224166899999773e+02
2.157282680478999973e+05,2.960282733099999746e+02
2.123353856149700005e+05,2.966341299200000208e+02
2.057088669321500056e+05,2.972399865400000181e+02
2.008750462076599943e+05,2.978458431399999995e+02
1.961548123360100144e+05,2.984516997599999968e+02
1.900332536287500116e+05,2.990575563799999941e+02
1.870444914524100022e+05,2.996634129799999755e+02
1.812072457501000026e+05,3.002692696099999807e+02
1.783572952712400001e+05,3.008751262100000190e+02
1.741661915862100141e+05,3.014809828200000084e+02
1.687308491955799982e+05,3.020868394500000136e+02
1.660771221745100047e+05,3.026926960499999950e+02
1.596239695548400050e+05,3.032985526800000002e+02
1.583637459059600078e+05,3.039044092899999896e+02
1.546424578137799981e+05,3.045102658999999790e+02
1.498164080581500020e+05,3.051161225199999762e+02
1.474601593214200111e+05,3.057219791300000225e+02
1.428582532477400091e+05,3.063278357500000197e+02
1.406114394100100035e+05,3.069336923600000091e+02
1.362232667671300005e+05,3.075395489699999985e+02
1.340808051743500109e+05,3.081454055899999958e+02
1.309301263316099939e+05,3.087512621999999851e+02
1.268440860996999982e+05,3.093571188199999824e+02
1.248491362707200024e+05,3.099629754299999718e+02
1.209528703156300035e+05,3.105688320400000180e+02
1.190505750224799995e+05,3.111746886600000153e+02
1.162530819178399979e+05,3.117805452700000046e+02
1.126250798444499960e+05,3.123864018799999940e+02
1.108537604973499983e+05,3.129922584999999913e+02
1.073942593272100057e+05,3.135981151099999806e+02
1.065463867568300047e+05,3.142039717299999779e+02
1.024063818855300051e+05,3.148098283400000241e+02
1.007957778730699938e+05,3.154156849500000135e+02
9.921050475540000480e+04,3.160215415700000108e+02
9.611436389601000701e+04,3.166273981800000001e+02
9.460271806599000411e+04,3.172332547999999974e+02
9.165037605811000685e+04,3.178391114099999868e+02
9.092680069746999652e+04,3.184449680199999761e+02
8.808917595655999321e+04,3.190508246399999734e+02
8.601922491023999464e+04,3.196566812500000196e+02
8.399791431592000299e+04,3.202625378700000169e+02
8.202410120280999399e+04,3.208683944800000063e+02
8.073406103066999640e+04,3.214742510899999957e+02
7.821452919564000331e+04,3.220801077099999929e+02
7.698440435151000565e+04,3.226859643199999823e+02
7.517539721065999765e+04,3.232918209399999796e+02
7.340889876832999289e+04,3.238976775500000258e+02
7.225435483532999933e+04,3.245035341600000152e+02
6.999945591283000249e+04,3.251093907800000125e+02
6.889853424674000416e+04,3.257152473900000018e+02
6.674836307729000691e+04,3.263211040099999991e+02
6.569857321636000415e+04,3.269269606199999885e+02
6.466529400380999869e+04,3.275328172299999778e+02
6.264723291800999868e+04,3.281386738499999751e+02
6.215263599324000097e+04,3.287445304600000213e+02
5.973761072951999813e+04,3.293503870800000186e+02
5.879808299927000189e+04,3.299562436900000080e+02
5.741642455935999897e+04,3.305621002999999973e+02
5.651340345779999916e+04,3.311679569199999946e+02
5.562458468800999981e+04,3.317738135299999840e+02
5.388866418379000243e+04,3.323796701399999733e+02
5.346321574267999677e+04,3.329855267600000275e+02
5.138582972942999913e+04,3.335913833700000168e+02
5.057765525805999641e+04,3.341972399900000141e+02
4.938916337712999666e+04,3.348030966000000035e+02
4.822859910464000131e+04,3.354089532099999929e+02
4.747008021349999763e+04,3.360148098299999901e+02
4.598864379393999843e+04,3.366206664399999795e+02
4.562556563812999957e+04,3.372265230500000257e+02
4.455343973497000115e+04,3.378323796700000230e+02
4.350650703076000354e+04,3.384382362800000124e+02
4.316302522665000288e+04,3.390440929000000096e+02
4.148586713487999805e+04,3.396499495099999990e+02
4.083339506391999748e+04,3.402558061299999963e+02
3.987387730343000294e+04,3.408616627299999777e+02
3.893690663538000081e+04,3.414675193499999750e+02
3.862950160909000260e+04,3.420733759699999723e+02
3.712849974777000170e+04,3.426792325700000106e+02
3.683537200788000337e+04,3.432850892000000158e+02
3.568582135672000004e+04,3.438909457999999972e+02
3.512456993851999869e+04,3.444968024199999945e+02
3.429920019807999779e+04,3.451026590399999918e+02
3.349322529177999968e+04,3.457085156499999812e+02
3.322879787082999974e+04,3.463143722699999785e+02
3.193764770384000076e+04,3.469202288800000247e+02
3.168550149397999849e+04,3.475260854900000140e+02
3.069666693390000000e+04,3.481319421100000113e+02
3.021388281418000042e+04,3.487377987200000007e+02
2.997534564613999828e+04,3.493436553299999900e+02
2.881061279342999842e+04,3.499495119499999873e+02
2.858315437548000045e+04,3.505553685599999767e+02
2.747251700940999945e+04,3.511612251799999740e+02
2.725562279404999936e+04,3.517670817900000202e+02
2.661516039548999834e+04,3.523729384000000096e+02
2.598974781204000101e+04,3.529787950200000068e+02
2.578455998897999962e+04,3.535846516299999962e+02
2.478266581679999945e+04,3.541905082499999935e+02
2.458700784868999835e+04,3.547963648599999829e+02
2.381970160629000020e+04,3.554022214699999722e+02
2.344507547189999968e+04,3.560080780900000264e+02
2.325997771596000166e+04,3.566139347000000157e+02
2.253408515475999957e+04,3.572197913200000130e+02
2.235617962405000071e+04,3.578256479300000024e+02
2.148749983710000015e+04,3.584315045399999917e+02
2.131785704771000019e+04,3.590373611599999890e+02
2.098257886028999928e+04,3.596432177699999784e+02
2.032775889032000123e+04,3.602490743899999757e+02
2.000805254556000000e+04,3.608549310000000219e+02
1.938364539072999833e+04,3.614607876100000112e+02
1.923061243214999922e+04,3.620666442300000085e+02
1.863046746717000133e+04,3.626725008399999979e+02
1.833745539990999896e+04,3.632783574599999952e+02
1.819268206155000007e+04,3.638842140699999845e+02
1.748578063907999967e+04,3.644900706799999739e+02
1.734773123245000170e+04,3.650959273000000280e+02
1.680634683351000058e+04,3.657017839100000174e+02
1.654202375962999940e+04,3.663076405300000147e+02
1.641142526867999914e+04,3.669134971400000040e+02
1.589926091208999969e+04,3.675193537499999934e+02
1.564920409972999914e+04,3.681252103699999907e+02
1.516082698331999927e+04,3.687310669799999800e+02
1.504113297523999972e+04,3.693369235900000263e+02
1.457173241638999934e+04,3.699427802100000235e+02
1.434255440749999980e+04,3.705486368200000129e+02
1.422932062249999944e+04,3.711544934400000102e+02
1.367642100304000087e+04,3.717603500499999996e+02
1.356844630958999915e+04,3.723662066599999889e+02
1.314500505080999937e+04,3.729720632799999862e+02
1.304122586102999958e+04,3.735779198899999756e+02
1.293826600300999962e+04,3.741837765099999729e+02
1.243553206796999984e+04,3.747896331200000191e+02
1.233735413365999921e+04,3.753954897300000084e+02
1.185796944717000042e+04,3.760013463500000057e+02
1.176435134228000061e+04,3.766072029599999951e+02
1.139721190512000067e+04,3.772130595799999924e+02
1.130723145911999927e+04,3.778189161899999817e+02
1.121796140446000027e+04,3.784247728000000279e+02
1.078207224599000074e+04,3.790306294200000252e+02
1.069694829833999938e+04,3.796364860300000146e+02
1.028130381323999973e+04,3.802423426400000039e+02
1.020013340855000024e+04,3.808481992600000012e+02
1.011960384035000061e+04,3.814540558699999906e+02
9.803793342159999156e+03,3.820599124899999879e+02
9.726392859940000562e+03,3.826657690999999772e+02
9.348460627360000217e+03,3.832716257199999745e+02
9.274654975269999341e+03,3.838774823200000128e+02
9.201432015279999177e+03,3.844833389300000022e+02
8.914275633029999881e+03,3.850891955600000074e+02
8.843897850810000818e+03,3.856950521599999888e+02
8.500256162920000861e+03,3.863009087699999782e+02
8.433147044740000638e+03,3.869067653999999834e+02
8.169967140529999597e+03,3.875126220000000217e+02
8.105465638470000158e+03,3.881184786300000269e+02
8.041473372700000255e+03,3.887243352400000163e+02
7.729010980039999595e+03,3.893301918500000056e+02
7.667990805880000153e+03,3.899360484700000029e+02
7.428689738920000309e+03,3.905419050799999923e+02
7.370040586690000055e+03,3.911477616999999896e+02
7.311854466730000240e+03,3.917536183099999789e+02
7.083667628780000086e+03,3.923594749200000251e+02
7.027742409700000280e+03,3.929653315400000224e+02
6.754669913339999766e+03,3.935711881500000118e+02
6.701342115579999700e+03,3.941770447700000091e+02
6.492208020480000414e+03,3.947829013799999984e+02
6.440952346879999823e+03,3.953887579899999878e+02
6.390101334400000269e+03,3.959946146099999851e+02
6.190680377059999955e+03,3.966004712199999744e+02
6.093315989489999993e+03,3.972063278399999717e+02
5.903157047650000095e+03,3.978121844500000179e+02
5.856551903470000070e+03,3.984180410600000073e+02
5.810314704700000220e+03,3.990238976800000046e+02
5.628987608260000343e+03,3.996297542899999939e+02
5.584547018780000144e+03,4.002356109099999912e+02
5.410265633469999557e+03,4.008414675199999806e+02
5.325175277010000173e+03,4.014473241300000268e+02
5.283133271439999589e+03,4.020531807500000241e+02
5.118258343849999619e+03,4.026590373600000135e+02
5.077849937619999764e+03,4.032648939800000107e+02
4.919381449749999774e+03,4.038707505900000001e+02
4.880543167140000151e+03,4.044766071999999895e+02
4.728232188040000437e+03,4.050824638199999868e+02
4.690903019749999658e+03,4.056883204299999761e+02
4.653868563490000270e+03,4.062941770400000223e+02
4.473036166359999697e+03,4.069000336600000196e+02
4.437721758540000337e+03,4.075058902700000090e+02
4.299230258139999933e+03,4.081117468900000063e+02
4.265288039690000005e+03,4.087176034999999956e+02
4.231613793450000230e+03,4.093234601099999850e+02
4.099554467680000016e+03,4.099293167299999823e+02
4.067188680109999950e+03,4.105351733399999716e+02
3.909152528340000117e+03,4.111410299600000258e+02
3.878289955019999979e+03,4.117468865700000151e+02
3.757257086340000114e+03,4.123527431800000045e+02
3.727593720310000208e+03,4.129585998000000018e+02
3.698164545149999867e+03,4.135644564099999911e+02
3.582752992910000103e+03,4.141703130299999884e+02
3.554467328400000042e+03,4.147761696399999778e+02
3.443540249099999983e+03,4.153820262500000240e+02
3.416353662580000218e+03,4.159878828700000213e+02
3.362622705440000118e+03,4.165937394800000106e+02
3.257682673339999837e+03,4.171995961000000079e+02
3.231963423549999789e+03,4.178054527099999973e+02
3.131100979240000015e+03,4.184113093199999867e+02
3.106381085900000016e+03,4.190171659399999839e+02
3.009437789130000056e+03,4.196230225499999733e+02
2.985678420889999870e+03,4.202288791700000274e+02
2.938720940749999954e+03,4.208347357800000168e+02
2.869665822219999882e+03,4.214405923900000062e+02
2.847009947030000149e+03,4.220464490100000035e+02
2.736385500639999918e+03,4.226523056199999928e+02
2.714781867239999883e+03,4.232581622299999822e+02
2.672084932849999859e+03,4.238640188499999795e+02
2.609295322859999942e+03,4.244698754600000257e+02
2.588695060370000192e+03,4.250757320800000230e+02
2.507907601739999791e+03,4.256815886800000044e+02
2.488107790479999949e+03,4.262874453000000017e+02
2.448975889549999920e+03,4.268933019099999910e+02
2.372548757829999886e+03,4.274991585199999804e+02
2.353817598199999793e+03,4.281050151499999856e+02
2.280360146710000208e+03,4.287108717500000239e+02
2.262356811789999938e+03,4.293167283600000133e+02
2.191753649549999864e+03,4.299225849900000185e+02
2.174449858710000171e+03,4.305284415899999999e+02
2.140251036300000123e+03,4.311342982200000051e+02
2.073458525779999945e+03,4.317401548299999945e+02
2.057088669320000008e+03,4.323460114399999838e+02
1.992891472699999895e+03,4.329518680599999811e+02
1.977157689299999902e+03,4.335577246700000273e+02
1.946061794210000016e+03,4.341635812900000246e+02
1.900332536290000007e+03,4.347694379000000140e+02
1.870444914520000111e+03,4.353752945100000034e+02
1.812072457499999928e+03,4.359811511300000006e+02
1.797766231620000099e+03,4.365870077399999900e+02
1.741661915859999908e+03,4.371928643599999873e+02
1.727911577860000079e+03,4.377987209699999767e+02
1.714269798119999905e+03,4.384045775800000229e+02
1.660771221749999995e+03,4.390104342000000202e+02
1.647659511920000114e+03,4.396162908100000095e+02
1.596239695550000079e+03,4.402221474300000068e+02
1.583637459049999961e+03,4.408280040399999962e+02
1.558730682749999914e+03,4.414338606499999855e+02
1.522103070189999926e+03,4.420397172699999828e+02
1.498164080580000018e+03,4.426455738799999722e+02
1.451409686629999896e+03,4.432514304900000184e+02
1.439950876169999901e+03,4.438572871100000157e+02
1.417303941319999922e+03,4.444631437200000050e+02
1.383999625050000077e+03,4.450690003400000023e+02
1.362232667669999955e+03,4.456748569499999917e+02
1.330222435939999968e+03,4.462807135599999810e+02
1.319720393060000106e+03,4.468865701799999783e+02
1.278534832699999924e+03,4.474924267900000245e+02
1.268440861000000041e+03,4.480982834100000218e+02
1.238634582769999952e+03,4.487041400200000112e+02
1.219153864939999949e+03,4.493099966300000006e+02
1.199979531550000047e+03,4.499158532499999978e+02
1.171781982210000024e+03,4.505217098599999872e+02
1.162530819179999980e+03,4.511275664799999845e+02
1.135213253090000080e+03,4.517334230899999739e+02
1.117359101949999967e+03,4.523392797000000201e+02
1.091102997069999901e+03,4.529451363200000173e+02
1.065463867570000048e+03,4.535509929300000067e+02
1.057052081000000044e+03,4.541568495500000040e+02
1.024063818860000083e+03,4.547627061599999934e+02
1.015978883699999983e+03,4.553685627699999827e+02
1.000000000000000000e+03,4.559744193899999800e+02
9.842724253799999587e+02,4.565802760000000262e+02
9.687922073600000203e+02,4.571861326200000235e+02
9.460271806599999991e+02,4.577919892300000129e+02
9.311484675899999957e+02,4.583978458400000022e+02
9.165037605799999483e+02,4.590037024599999995e+02
9.020893793000000187e+02,4.596095590699999889e+02
8.879017012699999896e+02,4.602154156799999782e+02
8.670374686899999688e+02,4.608212722999999755e+02
8.601922491000000264e+02,4.614271289100000217e+02
8.333475477700000056e+02,4.620329855300000190e+02
8.267683085099999971e+02,4.626388421400000084e+02
8.137652482400000054e+02,4.632446987499999977e+02
8.009666945799999667e+02,4.638505553699999950e+02
7.883694311299999526e+02,4.644564119799999844e+02
7.698440435200000138e+02,4.650622685999999817e+02
7.637661613999999872e+02,4.656681252100000279e+02
7.458189102500000445e+02,4.662739818200000173e+02
7.340889876799999456e+02,4.668798384300000066e+02
7.225435483500000373e+02,4.674856950500000039e+02
7.111796907799999872e+02,4.680915516700000012e+02
7.055649609399999918e+02,4.686974082699999826e+02
6.889853424699999778e+02,4.693032648899999799e+02
6.781492740800000547e+02,4.699091215000000261e+02
6.674836307699999907e+02,4.705149781100000155e+02
6.569857321599999977e+02,4.711208347400000207e+02
6.517988610500000277e+02,4.717266913400000021e+02
6.314576573599999847e+02,4.723325479499999915e+02
6.264723291799999743e+02,4.729384045799999967e+02
6.166194388799999615e+02,4.735442611799999781e+02
6.069215106399999513e+02,4.741501178099999834e+02
5.973761072999999442e+02,4.747559744199999727e+02
5.879808299899999611e+02,4.753618310300000189e+02
5.833387493000000177e+02,4.759676876500000162e+02
5.696312461799999483e+02,4.765735442600000056e+02
5.606723282499999641e+02,4.771794008800000029e+02
5.518543123700000024e+02,4.777852574899999922e+02
5.431749824900000476e+02,4.783911140999999816e+02
5.388866418400000384e+02,4.789969707199999789e+02
5.262236902800000280e+02,4.796028273300000251e+02
5.220691792699999496e+02,4.802086839400000144e+02
5.098014104700000075e+02,4.808145405600000117e+02
5.057765525799999864e+02,4.814203971700000011e+02
4.978219141100000229e+02,4.820262537899999984e+02
4.899923828099999810e+02,4.826321103999999877e+02
4.822859910500000069e+02,4.832379670099999771e+02
4.747008021299999996e+02,4.838438236299999744e+02
4.709530618800000070e+02,4.844496802400000206e+02
4.635461124400000017e+02,4.850555368600000179e+02
4.526535396699999865e+02,4.856613934700000073e+02
4.490798614999999927e+02,4.862672500799999966e+02
4.420169244699999922e+02,4.868731066999999939e+02
4.350650703100000101e+02,4.874789633099999833e+02
4.282225519500000246e+02,4.880848199299999806e+02
4.214876498099999935e+02,4.886906765400000268e+02
4.148586713500000087e+02,4.892965331500000161e+02
4.083339506400000118e+02,4.899023897700000134e+02
4.051101735199999894e+02,4.905082463800000028e+02
3.987387730300000044e+02,4.911141030000000001e+02
3.924675792300000126e+02,4.917199596099999894e+02
3.862950160899999901e+02,4.923258162199999788e+02
3.802195323999999914e+02,4.929316728399999761e+02
3.772177172699999801e+02,4.935375294500000223e+02
3.683537200800000164e+02,4.941433860700000196e+02
3.654455849799999783e+02,4.947492426800000089e+02
3.596980122699999924e+02,4.953550992899999983e+02
3.540408349400000247e+02,4.959609559099999956e+02
3.484726312899999812e+02,4.965668125199999849e+02
3.429920019799999977e+02,4.971726691299999743e+02
3.402840964399999848e+02,4.977785257499999716e+02
3.349322529199999963e+02,4.983843823600000178e+02
3.296645809199999917e+02,4.989902389800000151e+02
3.244797566199999892e+02,4.995960955900000044e+02
3.193764770399999975e+02,5.002019521999999938e+02
3.168550149399999896e+02,5.008078088199999911e+02
3.118716540500000178e+02,5.014136654299999805e+02
3.069666693400000099e+02,5.020195220499999778e+02
3.021388281399999869e+02,5.026253786600000240e+02
2.997534564599999953e+02,5.032312352700000133e+02
2.950390616099999761e+02,5.038370918900000106e+02
2.903988127499999905e+02,5.044429485000000000e+02
2.858315437499999803e+02,5.050488051199999973e+02
2.835749173099999894e+02,5.056546617299999866e+02
2.791149716400000216e+02,5.062605183399999760e+02
2.725562279299999773e+02,5.068663749599999733e+02
2.704044094800000266e+02,5.074722315700000195e+02
2.682695795299999872e+02,5.080780881900000168e+02
2.640503497000000266e+02,5.086839448000000061e+02
2.619656847399999720e+02,5.092898014099999955e+02
2.578455998900000168e+02,5.098956580199999848e+02
2.537903139800000076e+02,5.105015146399999821e+02
2.497988078799999982e+02,5.111073712599999794e+02
2.458700784899999974e+02,5.117132278600000177e+02
2.439289459100000101e+02,5.123190844800000150e+02
2.400925352099999941e+02,5.129249410899999475e+02
2.381970160600000099e+02,5.135307976999999937e+02
2.344507547199999919e+02,5.141366543300000558e+02
2.307634129799999982e+02,5.147425109299999804e+02
2.271340641799999958e+02,5.153483675500000345e+02
2.253408515499999965e+02,5.159542241699999749e+02
2.217967864899999881e+02,5.165600807700000132e+02
2.183084609800000067e+02,5.171659373899999537e+02
2.165849260599999866e+02,5.177717940100000078e+02
2.131785704799999905e+02,5.183776506200000540e+02
2.114955357999999990e+02,5.189835072399999945e+02
2.098257886000000099e+02,5.195893638500000407e+02
2.065257378599999925e+02,5.201952204599999732e+02
2.048952269799999897e+02,5.208010770800000273e+02
2.016727220100000011e+02,5.214069336899999598e+02
1.985008992200000080e+02,5.220127903100000140e+02
1.953789615199999901e+02,5.226186469199999465e+02
1.938364539099999888e+02,5.232245035299999927e+02
1.923061243200000092e+02,5.238303601500000468e+02
1.892816153999999926e+02,5.244362167599999793e+02
1.877872460499999931e+02,5.250420733800000335e+02
1.863046746699999971e+02,5.256479299899999660e+02
1.848338081199999863e+02,5.262537866000000122e+02
1.819268206200000009e+02,5.268596432199999526e+02
1.804905170199999986e+02,5.274654998299999988e+02
1.790655529699999988e+02,5.280713564500000530e+02
1.762492861199999936e+02,5.286772130599999855e+02
1.748578063900000075e+02,5.292830696700000317e+02
1.734773123200000100e+02,5.298889262899999721e+02
1.707489349500000060e+02,5.304947829000000183e+02
1.694008802300000127e+02,5.311006395199999588e+02
1.667366152399999919e+02,5.317064961300000050e+02
1.667366152399999919e+02,5.323123527400000512e+02
1.641142526900000007e+02,5.329182093599999916e+02
1.628185784599999977e+02,5.335240659700000379e+02
1.615331335299999864e+02,5.341299225799999704e+02
1.602578371200000049e+02,5.347357792000000245e+02
1.589926091199999973e+02,5.353416358099999570e+02
1.564920410000000004e+02,5.359474924300000112e+02
1.552565437700000075e+02,5.365533490399999437e+02
1.540308007499999974e+02,5.371592056499999899e+02
1.528147348999999906e+02,5.377650622700000440e+02
1.516082698300000118e+02,5.383709188799999765e+02
1.492238394599999936e+02,5.389767755000000307e+02
1.492238394599999936e+02,5.395826321099999632e+02
1.468769103900000061e+02,5.401884887200000094e+02
1.457173241600000040e+02,5.407943453399999498e+02
1.445668928199999925e+02,5.414002019499999960e+02
1.434255440700000008e+02,5.420060585700000502e+02
1.422932062200000018e+02,5.426119151799999827e+02
1.411698081300000069e+02,5.432177717900000289e+02
1.400552792100000090e+02,5.438236284099999693e+02
1.389495494399999984e+02,5.444294850200000155e+02
1.367642100299999868e+02,5.450353416399999560e+02
1.356844630900000084e+02,5.456411982500000022e+02
1.346132407100000137e+02,5.462470548600000484e+02
1.335504755800000112e+02,5.468529114799999888e+02
1.324961009200000035e+02,5.474587680900000350e+02
1.314500505100000112e+02,5.480646247099999755e+02
1.304122586100000092e+02,5.486704813200000217e+02
1.293826600300000109e+02,5.492763379299999542e+02
1.283611900800000001e+02,5.498821945500000083e+02
1.273477845900000034e+02,5.504880511600000546e+02
1.263423798900000037e+02,5.510939077699999871e+02
1.253449128099999967e+02,5.516997643900000412e+02
1.243553206800000055e+02,5.523056209999999737e+02
1.233735413400000027e+02,5.529114776100000199e+02
1.223995130899999992e+02,5.535173342299999604e+02
1.214331747600000000e+02,5.541231908400000066e+02
1.204744656200000037e+02,5.547290474500000528e+02
1.195233254399999936e+02,5.553349040599999853e+02
1.185796944700000068e+02,5.559407606800000394e+02
1.176435134200000050e+02,5.565466172899999719e+02
1.167147234800000035e+02,5.571524739000000181e+02
1.157932662900000054e+02,5.577583305199999586e+02
1.148790839600000027e+02,5.583641871400000127e+02
1.139721190399999955e+02,5.589700437599999532e+02
1.130723145900000048e+02,5.595759003699999994e+02
1.121796140400000041e+02,5.601817569800000456e+02
1.112939613300000019e+02,5.607876135999999860e+02
1.104153007799999955e+02,5.613934702100000322e+02
1.095435772299999968e+02,5.619993268299999727e+02
1.095435772299999968e+02,5.626051834400000189e+02
1.086787359000000066e+02,5.632110400499999514e+02
1.069694829799999951e+02,5.638168966700000055e+02
1.061249640000000056e+02,5.644227532800000517e+02
1.052871124600000030e+02,5.650286098999999922e+02
1.052871124600000030e+02,5.656344665100000384e+02
1.044558757100000008e+02,5.662403231199999709e+02
1.036312015400000064e+02,5.668461797400000250e+02
1.028130381299999954e+02,5.674520363499999576e+02
1.020013340900000003e+02,5.680578929700000117e+02
1.011960384000000062e+02,5.686637495799999442e+02
1.003971004899999997e+02,5.692696061899999904e+02
9.960447016000000531e+01,5.698754628100000446e+02
9.881809760000000153e+01,5.704813194199999771e+02
9.803793342000000166e+01,5.710871760400000312e+02
9.726392859999999985e+01,5.716930326499999637e+02
9.649603449999999327e+01,5.722988892600000099e+02
9.573420289999999966e+01,5.729047458799999504e+02
9.497838593000000174e+01,5.735106024899999966e+02
9.422853609000000574e+01,5.741164591000000428e+02
9.348460627000000045e+01,5.747223157199999832e+02
9.348460627000000045e+01,5.753281723300000294e+02
9.274654974999999979e+01,5.759340289499999699e+02
9.201432015000000320e+01,5.765398855600000161e+02
9.128787146999999891e+01,5.771457421699999486e+02
9.056715807000000495e+01,5.777515987900000027e+02
8.985213466000000437e+01,5.783574554000000489e+02
8.914275632999999743e+01,5.789633120199999894e+02
8.843897850999999832e+01,5.795691686300000356e+02
8.774075698000000045e+01,5.801750252399999681e+02
8.774075698000000045e+01,5.807808818600000222e+02
8.636080767999999352e+01,5.813867384699999548e+02
8.636080767999999352e+01,5.819925950900000089e+02
8.500256163000000242e+01,5.825984517000000551e+02
8.433147044999999764e+01,5.832043083099999876e+02
8.433147044999999764e+01,5.838101649300000417e+02
8.300514094999999770e+01,5.844160215399999743e+02
8.300514094999999770e+01,5.850218781600000284e+02
8.234981931000000088e+01,5.856277347699999609e+02
8.169967140999999344e+01,5.862335913800000071e+02
8.105465637999999728e+01,5.868394479999999476e+02
8.041473372999999469e+01,5.874453046099999938e+02
7.977986323000000368e+01,5.880511612300000479e+02
7.915000499999999306e+01,5.886570178399999804e+02
7.852511947000000703e+01,5.892628744500000266e+02
7.790516739000000257e+01,5.898687310699999671e+02
7.729010979999999620e+01,5.904745876800000133e+02
7.667990806000000248e+01,5.910804442899999458e+02
7.607452383000000395e+01,5.916863009099999999e+02
7.547391908000000171e+01,5.922921575200000461e+02
7.487805607999999324e+01,5.928980141399999866e+02
7.487805607999999324e+01,5.935038707500000328e+02
7.428689738999999292e+01,5.941097273599999653e+02
7.370040586999999732e+01,5.947155839800000194e+02
7.311854467000000568e+01,5.953214405899999520e+02
7.254127723000000572e+01,5.959272971999999982e+02
7.196856730000000368e+01,5.965331538200000523e+02
7.196856730000000368e+01,5.971390104299999848e+02
7.140037886999999728e+01,5.977448670400000310e+02
7.083667628999999977e+01,5.983507236499999635e+02
6.972258718000000499e+01,5.989565802700000177e+02
6.972258718000000499e+01,5.995624368799999502e+02
6.917213067000000137e+01,6.001682935000000043e+02
6.862601997999999526e+01,6.007741501199999448e+02
6.862601997999999526e+01,6.013800067299999910e+02
6.754669912999999326e+01,6.019858633500000451e+02
6.701342115999999294e+01,6.025917199599999776e+02
6.648435338000000172e+01,6.031975765700000238e+02
6.595946256999999946e+01,6.038034331899999643e+02
6.543871575000000007e+01,6.044092898000000105e+02
6.492208019999999635e+01,6.050151464199999509e+02
6.492208019999999635e+01,6.056210030299999971e+02
6.390101333999999866e+01,6.062268596400000433e+02
6.339651787999999755e+01,6.068327162599999838e+02
6.339651787999999755e+01,6.074385728700000300e+02
6.289600538999999912e+01,6.080444294899999704e+02
6.239944442000000180e+01,6.086502861000000166e+02
6.190680377000000334e+01,6.092561427099999491e+02
6.141805250000000171e+01,6.098619993300000033e+02
6.093315988999999888e+01,6.104678559400000495e+02
6.045209549999999865e+01,6.110737125499999820e+02
5.997482907999999924e+01,6.116795691700000361e+02
5.950133063999999905e+01,6.122854257799999687e+02
5.903157047999999918e+01,6.128912824000000228e+02
5.856551902999999726e+01,6.134971390099999553e+02
5.810314704999999691e+01,6.141029956200000015e+02
5.810314704999999691e+01,6.147088522400000556e+02
5.764442546000000078e+01,6.153147088499999882e+02
5.718932547000000000e+01,6.159205654700000423e+02
5.673781845999999973e+01,6.165264220799999748e+02
5.628987607999999909e+01,6.171322786900000210e+02
5.584547019000000034e+01,6.177381353099999615e+02
5.540457286000000181e+01,6.183439919200000077e+02
5.496715638999999953e+01,6.189498485399999481e+02
5.453319330000000065e+01,6.195557051499999943e+02
5.410265633000000207e+01,6.201615617600000405e+02
5.367551843999999761e+01,6.207674183799999810e+02
5.325175277000000307e+01,6.213732749900000272e+02
5.283133269999999726e+01,6.219791316099999676e+02
5.241423185000000018e+01,6.225849882200000138e+02
5.200042399000000160e+01,6.231908448299999463e+02
5.158988311000000238e+01,6.237967014500000005e+02
5.158988311000000238e+01,6.244025580600000467e+02
5.118258344000000193e+01,6.250084146799999871e+02
5.077849937999999952e+01,6.256142712900000333e+02
5.037760553999999757e+01,6.262201278999999658e+02
4.958528797999999682e+01,6.268259845200000200e+02
4.958528797999999682e+01,6.274318411299999525e+02
4.919381450000000200e+01,6.280376977399999987e+02
4.880543166999999727e+01,6.286435543600000528e+02
4.842011510999999757e+01,6.292494109699999854e+02
4.803784060000000267e+01,6.298552675900000395e+02
4.765858413000000127e+01,6.304611241999999720e+02
4.728232187999999780e+01,6.310669808100000182e+02
4.690903019999999657e+01,6.316728374299999587e+02
4.653868563000000336e+01,6.322786940400000049e+02
4.617126491999999871e+01,6.328845506599999453e+02
4.617126491999999871e+01,6.334904072699999915e+02
4.580674497999999772e+01,6.340962638800000377e+02
4.544510291000000279e+01,6.347021204999999782e+02
4.508631598000000196e+01,6.353079771100000244e+02
4.473036165999999980e+01,6.359138337299999648e+02
4.437721757999999994e+01,6.365196903400000110e+02
4.437721757999999994e+01,6.371255469499999435e+02
4.402686156000000040e+01,6.377314035699999977e+02
4.367927157999999821e+01,6.383372601800000439e+02
4.333442580999999905e+01,6.389431167899999764e+02
4.299230258000000049e+01,6.395489734000000226e+02
4.265288040000000080e+01,6.401548300199999630e+02
4.265288040000000080e+01,6.407606866300000092e+02
4.198205404000000129e+01,6.413665432400000554e+02
4.198205404000000129e+01,6.419723998700000038e+02
4.165060771999999645e+01,6.425782564700000421e+02
4.132177815000000010e+01,6.431841130899999825e+02
4.099554468000000185e+01,6.437899697100000367e+02
4.099554468000000185e+01,6.443958263199999692e+02
4.067188680000000289e+01,6.450016829400000233e+02
4.035078418999999883e+01,6.456075395499999559e+02
4.003221666999999684e+01,6.462133961600000021e+02
4.003221666999999684e+01,6.468192527800000562e+02
3.971616422000000313e+01,6.474251093899999887e+02
3.940260699000000244e+01,6.480309660000000349e+02
3.909152527999999904e+01,6.486368226199999754e+02
3.878289955000000333e+01,6.492426792300000216e+02
3.847671040000000175e+01,6.498485358499999620e+02
3.847671040000000175e+01,6.504543924600000082e+02
3.817293860000000194e+01,6.510602490700000544e+02
3.787156507000000261e+01,6.516661056899999949e+02
3.757257085999999902e+01,6.522719623000000411e+02
3.757257085999999902e+01,6.528778189199999815e+02
3.727593720000000133e+01,6.534836755300000277e+02
3.698164545000000203e+01,6.540895321399999602e+02
3.668967711999999892e+01,6.546953887600000144e+02
3.640001386000000139e+01,6.553012453699999469e+02
3.640001386000000139e+01,6.559071019900000010e+02
3.611263747999999651e+01,6.565129586000000472e+02
3.582752992000000347e+01,6.571188152099999797e+02
3.554467327999999782e+01,6.577246718300000339e+02
3.526404978000000057e+01,6.583305284399999664e+02
3.498564178000000169e+01,6.589363850600000205e+02
3.498564178000000169e+01,6.595422416699999530e+02
3.470943179999999728e+01,6.601480982799999992e+02
3.470943179999999728e+01,6.607539549000000534e+02
3.416353663000000296e+01,6.613598115099999859e+02
3.416353663000000296e+01,6.619656681300000400e+02
3.389381713000000218e+01,6.625715247399999726e+02
3.362622704999999712e+01,6.631773813500000188e+02
3.336074958999999751e+01,6.637832379699999592e+02
3.309736806000000087e+01,6.643890945800000054e+02
3.309736806000000087e+01,6.649949511900000516e+02
3.283606590000000125e+01,6.656008078099999921e+02
3.283606590000000125e+01,6.662066644200000383e+02
3.257682673000000051e+01,6.668125210399999787e+02
3.231963423999999918e+01,6.674183776500000249e+02
3.206447226000000228e+01,6.680242342599999574e+02
3.181132477999999963e+01,6.686300908800000116e+02
3.156017587999999918e+01,6.692359474899999441e+02
3.156017587999999918e+01,6.698418041099999982e+02
3.131100978999999995e+01,6.704476607200000444e+02
3.131100978999999995e+01,6.710535173299999769e+02
3.106381086000000025e+01,6.716593739500000311e+02
3.081856355000000036e+01,6.722652305599999636e+02
3.057525246000000152e+01,6.728710871800000177e+02
3.033386228999999901e+01,6.734769437899999502e+02
3.033386228999999901e+01,6.740828003999999964e+02
3.009437789000000052e+01,6.746886570200000506e+02
2.985678421000000071e+01,6.752945136299999831e+02
2.985678421000000071e+01,6.759003702500000372e+02
2.938720941000000053e+01,6.765062268599999697e+02
2.915519879000000003e+01,6.771120834700000160e+02
2.915519879000000003e+01,6.777179400899999564e+02
2.892501988000000068e+01,6.783237967000000026e+02
2.892501988000000068e+01,6.789296533200000567e+02
2.869665821999999977e+01,6.795355099299999893e+02
2.847009947000000096e+01,6.801413665400000355e+02
2.847009947000000096e+01,6.807472231499999680e+02
2.824532938999999843e+01,6.813530797700000221e+02
2.780109885999999975e+01,6.819589363799999546e+02
2.780109885999999975e+01,6.825647929900000008e+02
2.758161051000000086e+01,6.831706496100000550e+02
2.736385501000000176e+01,6.837765062199999875e+02
2.736385501000000176e+01,6.843823628300000337e+02
2.714781866999999949e+01,6.849882194399999662e+02
2.693348792999999830e+01,6.855940760600000203e+02
2.672084933000000007e+01,6.861999326799999608e+02
2.650988948999999906e+01,6.868057893000000149e+02
2.650988948999999906e+01,6.874116459099999474e+02
2.630059517999999841e+01,6.880175025199999936e+02
2.609295322999999911e+01,6.886233591400000478e+02
2.588695059999999870e+01,6.892292157499999803e+02
2.568257436000000027e+01,6.898350723700000344e+02
2.568257436000000027e+01,6.904409289799999669e+02
2.547981165999999931e+01,6.910467855900000131e+02
2.527864976000000041e+01,6.916526422099999536e+02
2.527864976000000041e+01,6.922584988199999998e+02
2.507907601999999869e+01,6.928643554400000539e+02
2.488107790000000108e+01,6.934702120499999864e+02
2.468464297999999957e+01,6.940760686600000327e+02
2.468464297999999957e+01,6.946819252799999731e+02
2.448975890000000177e+01,6.952877818900000193e+02
2.429641340999999954e+01,6.958936385099999598e+02
2.429641340999999954e+01,6.964994951200000060e+02
2.410459438999999904e+01,6.971053517300000522e+02
2.391428975999999906e+01,6.977112083499999926e+02
2.372548757999999935e+01,6.983170649600000388e+02
2.372548757999999935e+01,6.989229215799999793e+02
2.353817597999999833e+01,6.995287781900000255e+02
2.335234319999999997e+01,7.001346347999999580e+02
2.335234319999999997e+01,7.007404914200000121e+02
2.316797756000000064e+01,7.013463480299999446e+02
2.298506748000000144e+01,7.019522046399999908e+02
2.298506748000000144e+01,7.025580612600000450e+02
2.280360147000000026e+01,7.031639178699999775e+02
2.280360147000000026e+01,7.037697744900000316e+02
2.262356811000000079e+01,7.043756310999999641e+02
2.244495612000000051e+01,7.049814877100000103e+02
2.244495612000000051e+01,7.055873443299999508e+02
2.226775426000000024e+01,7.061932009399999970e+02
2.226775426000000024e+01,7.067990575600000511e+02
2.209195139999999924e+01,7.074049141699999836e+02
2.209195139999999924e+01,7.080107707800000298e+02
2.191753650000000064e+01,7.086166273999999703e+02
2.174449858999999918e+01,7.092224840100000165e+02
2.174449858999999918e+01,7.098283406299999569e+02
2.157282680000000141e+01,7.104341972400000031e+02
2.157282680000000141e+01,7.110400538500000494e+02
2.157282680000000141e+01,7.116459104699999898e+02
2.140251036000000084e+01,7.122517670800000360e+02
2.140251036000000084e+01,7.128576236999999765e+02
2.123353855999999951e+01,7.134634803100000227e+02
2.123353855999999951e+01,7.140693369199999552e+02
2.106590077999999977e+01,7.146751935400000093e+02
2.106590077999999977e+01,7.152810501500000555e+02
2.106590077999999977e+01,7.158869067699999960e+02
2.089958649000000079e+01,7.164927633800000422e+02
2.089958649000000079e+01,7.170986199899999747e+02
2.073458525999999935e+01,7.177044766100000288e+02
2.073458525999999935e+01,7.183103332199999613e+02
2.057088668999999825e+01,7.189161898400000155e+02
2.057088668999999825e+01,7.195220464499999480e+02
2.057088668999999825e+01,7.201279030599999942e+02
2.040848052000000123e+01,7.207337596800000483e+02
2.040848052000000123e+01,7.213396162899999808e+02
2.040848052000000123e+01,7.219454729000000270e+02
2.024735653999999840e+01,7.225513295199999675e+02
2.024735653999999840e+01,7.231571861300000137e+02
2.024735653999999840e+01,7.237630427399999462e+02
2.008750462000000070e+01,7.243688993600000003e+02
2.008750462000000070e+01,7.249747559700000465e+02
2.008750462000000070e+01,7.255806125799999791e+02
2.008750462000000070e+01,7.261864692000000332e+02
1.992891472999999891e+01,7.267923258099999657e+02
1.992891472999999891e+01,7.273981824200000119e+02
1.992891472999999891e+01,7.280040390399999524e+02
1.977157688999999863e+01,7.286098956499999986e+02
1.977157688999999863e+01,7.292157522700000527e+02
1.961548121999999950e+01,7.298216088899999932e+02
1.961548121999999950e+01,7.304274655000000394e+02
1.961548121999999950e+01,7.310333221099999719e+02
1.946061793999999878e+01,7.316391787300000260e+02
1.946061793999999878e+01,7.322450353399999585e+02
1.946061793999999878e+01,7.328508919600000127e+02
1.946061793999999878e+01,7.334567485699999452e+02
1.930697728999999896e+01,7.340626051799999914e+02
1.930697728999999896e+01,7.346684618000000455e+02
1.930697728999999896e+01,7.352743184099999780e+02
1.930697728999999896e+01,7.358801750300000322e+02
1.915454962000000094e+01,7.364860316399999647e+02
1.915454962000000094e+01,7.370918882500000109e+02
1.915454962000000094e+01,7.376977448699999513e+02
1.900332536000000161e+01,7.383036014799999975e+02
1.900332536000000161e+01,7.389094580900000437e+02
1.900332536000000161e+01,7.395153147099999842e+02
1.900332536000000161e+01,7.401211713200000304e+02
1.900332536000000161e+01,7.407270279399999708e+02
1.885329501000000008e+01,7.413328845500000170e+02
1.885329501000000008e+01,7.419387411599999496e+02
1.885329501000000008e+01,7.425445977800000037e+02
1.870444914000000125e+01,7.431504543900000499e+02
1.870444914000000125e+01,7.437563110099999903e+02
1.870444914000000125e+01,7.443621676200000365e+02
1.870444914000000125e+01,7.449680242299999691e+02
1.855677840999999972e+01,7.455738808500000232e+02
1.855677840999999972e+01,7.461797374599999557e+02
1.855677840999999972e+01,7.467855940800000099e+02
1.855677840999999972e+01,7.473914506900000561e+02
1.855677840999999972e+01,7.479973072999999886e+02
1.841027353000000133e+01,7.486031639200000427e+02
1.841027353000000133e+01,7.492090205299999752e+02
1.841027353000000133e+01,7.498148771500000294e+02
1.841027353000000133e+01,7.504207337599999619e+02
1.826492527999999993e+01,7.510265903700000081e+02
1.826492527999999993e+01,7.516324469899999485e+02
1.826492527999999993e+01,7.522383035999999947e+02
1.826492527999999993e+01,7.528441602200000489e+02
1.826492527999999993e+01,7.534500168299999814e+02
1.826492527999999993e+01,7.540558734400000276e+02
1.826492527999999993e+01,7.546617300599999680e+02
1.826492527999999993e+01,7.552675866700000142e+02
1.826492527999999993e+01,7.558734432899999547e+02
1.826492527999999993e+01,7.564792999000000009e+02
1.826492527999999993e+01,7.570851565100000471e+02
1.826492527999999993e+01,7.576910131299999875e+02
1.812072458000000097e+01,7.582968697400000337e+02
1.812072458000000097e+01,7.589027263499999663e+02
1.812072458000000097e+01,7.595085829700000204e+02
1.812072458000000097e+01,7.601144395799999529e+02
1.812072458000000097e+01,7.607202962000000070e+02
1.812072458000000097e+01,7.613261528100000533e+02
1.812072458000000097e+01,7.619320094199999858e+02
1.812072458000000097e+01,7.625378660400000399e+02
1.812072458000000097e+01,7.631437226499999724e+02
1.812072458000000097e+01,7.637495792700000266e+02
1.812072458000000097e+01,7.643554358799999591e+02
1.812072458000000097e+01,7.649612924900000053e+02
1.826492527999999993e+01,7.655671491099999457e+02
1.826492527999999993e+01,7.661730057199999919e+02
1.826492527999999993e+01,7.667788623300000381e+02
1.826492527999999993e+01,7.673847189499999786e+02
1.826492527999999993e+01,7.679905755600000248e+02
1.826492527999999993e+01,7.685964321699999573e+02
1.841027353000000133e+01,7.692022887800000035e+02
1.841027353000000133e+01,7.698081453999999439e+02
1.855677840999999972e+01,7.704140020199999981e+02
1.855677840999999972e+01,7.710198586300000443e+02
1.855677840999999972e+01,7.716257152399999768e+02
1.855677840999999972e+01,7.722315718600000309e+02
1.855677840999999972e+01,7.728374284799999714e+02
1.855677840999999972e+01,7.734432850900000176e+02
1.870444914000000125e+01,7.740491416999999501e+02
1.870444914000000125e+01,7.746549983200000042e+02
1.885329501000000008e+01,7.752608549300000504e+02
1.885329501000000008e+01,7.758667115299999750e+02
1.900332536000000161e+01,7.764725681600000371e+02
1.915454962000000094e+01,7.770784247699999696e+02
1.915454962000000094e+01,7.776842813900000237e+02
1.915454962000000094e+01,7.782901379999999563e+02
1.930697728999999896e+01,7.788959946100000025e+02
1.930697728999999896e+01,7.795018512300000566e+02
1.930697728999999896e+01,7.801077078399999891e+02
1.930697728999999896e+01,7.807135644600000433e+02
1.930697728999999896e+01,7.813194210699999758e+02
1.930697728999999896e+01,7.819252776800000220e+02
1.946061793999999878e+01,7.825311342999999624e+02
1.946061793999999878e+01,7.831369909100000086e+02
1.961548121999999950e+01,7.837428475299999491e+02
1.961548121999999950e+01,7.843487041399999953e+02
1.961548121999999950e+01,7.849545607500000415e+02
1.961548121999999950e+01,7.855604173699999819e+02
1.961548121999999950e+01,7.861662739800000281e+02
1.961548121999999950e+01,7.867721305999999686e+02
1.977157688999999863e+01,7.873779872100000148e+02
1.992891472999999891e+01,7.879838438199999473e+02
2.008750462000000070e+01,7.885897004400000014e+02
2.008750462000000070e+01,7.891955570500000476e+02
2.008750462000000070e+01,7.898014136699999881e+02
2.008750462000000070e+01,7.904072702800000343e+02
2.008750462000000070e+01,7.910131268899999668e+02
2.008750462000000070e+01,7.916189835100000209e+02
2.008750462000000070e+01,7.922248401199999535e+02
2.024735653999999840e+01,7.928306967400000076e+02
2.040848052000000123e+01,7.934365533500000538e+02
2.040848052000000123e+01,7.940424099599999863e+02
2.040848052000000123e+01,7.946482665800000404e+02
2.040848052000000123e+01,7.952541231899999730e+02
2.040848052000000123e+01,7.958599798000000192e+02
2.040848052000000123e+01,7.964658364199999596e+02
2.073458525999999935e+01,7.970716930300000058e+02
2.073458525999999935e+01,7.976775496499999463e+02
2.073458525999999935e+01,7.982834062599999925e+02
2.073458525999999935e+01,7.988892628700000387e+02
2.073458525999999935e+01,7.994951194899999791e+02
2.073458525999999935e+01,8.001009761000000253e+02
2.089958649000000079e+01,8.007068327199999658e+02
2.089958649000000079e+01,8.013126893300000120e+02
2.106590077999999977e+01,8.019185459399999445e+02
2.123353855999999951e+01,8.025244025599999986e+02
2.123353855999999951e+01,8.031302591700000448e+02
2.123353855999999951e+01,8.037361157899999853e+02
2.123353855999999951e+01,8.043419724000000315e+02
2.123353855999999951e+01,8.049478290099999640e+02
2.157282680000000141e+01,8.055536856300000181e+02
2.157282680000000141e+01,8.061595422399999507e+02
2.157282680000000141e+01,8.067653988600000048e+02
2.157282680000000141e+01,8.073712554700000510e+02
2.157282680000000141e+01,8.079771120799999835e+02
2.191753650000000064e+01,8.085829687000000376e+02
2.209195139999999924e+01,8.091888253099999702e+02
2.209195139999999924e+01,8.097946819200000164e+02
2.209195139999999924e+01,8.104005385299999489e+02
2.209195139999999924e+01,8.110063951500000030e+02
2.209195139999999924e+01,8.116122517600000492e+02
2.226775426000000024e+01,8.122181083699999817e+02
2.244495612000000051e+01,8.128239649900000359e+02
2.244495612000000051e+01,8.134298216099999763e+02
2.244495612000000051e+01,8.140356782200000225e+02
2.244495612000000051e+01,8.146415348399999630e+02
2.244495612000000051e+01,8.152473914500000092e+02
2.244495612000000051e+01,8.158532480500000474e+02
2.280360147000000026e+01,8.164591046799999958e+02
2.280360147000000026e+01,8.170649612900000420e+02
2.280360147000000026e+01,8.176708179099999825e+02
2.280360147000000026e+01,8.182766745200000287e+02
2.280360147000000026e+01,8.188825311299999612e+02
2.298506748000000144e+01,8.194883877500000153e+02
2.298506748000000144e+01,8.200942443599999478e+02
2.316797756000000064e+01,8.207001009800000020e+02
2.316797756000000064e+01,8.213059575900000482e+02
2.335234319999999997e+01,8.219118141999999807e+02
2.335234319999999997e+01,8.225176708200000348e+02
2.335234319999999997e+01,8.231235274299999674e+02
2.335234319999999997e+01,8.237293840500000215e+02
2.335234319999999997e+01,8.243352406599999540e+02
2.335234319999999997e+01,8.249410972700000002e+02
2.335234319999999997e+01,8.255469538900000543e+02
2.335234319999999997e+01,8.261528104999999869e+02
2.335234319999999997e+01,8.267586671200000410e+02
2.353817597999999833e+01,8.273645237299999735e+02
2.353817597999999833e+01,8.279703803400000197e+02
2.372548757999999935e+01,8.285762369599999602e+02
2.372548757999999935e+01,8.291820935700000064e+02
2.372548757999999935e+01,8.297879501899999468e+02
2.372548757999999935e+01,8.303938067999999930e+02
2.372548757999999935e+01,8.309996634100000392e+02
2.372548757999999935e+01,8.316055200299999797e+02
2.372548757999999935e+01,8.322113766400000259e+02
2.372548757999999935e+01,8.328172332499999584e+02
2.372548757999999935e+01,8.334230898700000125e+02
2.372548757999999935e+01,8.340289464799999450e+02
2.391428975999999906e+01,8.346348030999999992e+02
2.391428975999999906e+01,8.352406597100000454e+02
2.391428975999999906e+01,8.358465163199999779e+02
2.410459438999999904e+01,8.364523729400000320e+02
2.410459438999999904e+01,8.370582295499999645e+02
2.410459438999999904e+01,8.376640861700000187e+02
2.410459438999999904e+01,8.382699427799999512e+02
2.429641340999999954e+01,8.388757993899999974e+02
2.429641340999999954e+01,8.394816560100000515e+02
2.429641340999999954e+01,8.400875126199999841e+02
2.429641340999999954e+01,8.406933692400000382e+02
2.429641340999999954e+01,8.412992258499999707e+02
2.429641340999999954e+01,8.419050824600000169e+02
2.429641340999999954e+01,8.425109390799999574e+02
2.429641340999999954e+01,8.431167956900000036e+02
2.429641340999999954e+01,8.437226523099999440e+02
2.448975890000000177e+01,8.443285089199999902e+02
2.448975890000000177e+01,8.449343655300000364e+02
2.448975890000000177e+01,8.455402221499999769e+02
2.468464297999999957e+01,8.461460787600000231e+02
2.468464297999999957e+01,8.467519353799999635e+02
2.468464297999999957e+01,8.473577919900000097e+02
2.468464297999999957e+01,8.479636486000000559e+02
2.468464297999999957e+01,8.485695052199999964e+02
2.468464297999999957e+01,8.491753618300000426e+02
2.468464297999999957e+01,8.497812184399999751e+02
2.468464297999999957e+01,8.503870750600000292e+02
2.488107790000000108e+01,8.509929316699999617e+02
2.488107790000000108e+01,8.515987882900000159e+02
2.507907601999999869e+01,8.522046448999999484e+02
2.507907601999999869e+01,8.528105015099999946e+02
2.507907601999999869e+01,8.534163581200000408e+02
2.507907601999999869e+01,8.540222147399999812e+02
2.507907601999999869e+01,8.546280713500000275e+02
2.507907601999999869e+01,8.552339279699999679e+02
2.507907601999999869e+01,8.558397845800000141e+02
2.507907601999999869e+01,8.564456411999999546e+02
2.527864976000000041e+01,8.570514978100000008e+02
2.547981165999999931e+01,8.576573544300000549e+02
2.568257436000000027e+01,8.582632110399999874e+02
2.568257436000000027e+01,8.588690676400000257e+02
2.568257436000000027e+01,8.594749242699999741e+02
2.568257436000000027e+01,8.600807808800000203e+02
2.568257436000000027e+01,8.606866374999999607e+02
2.568257436000000027e+01,8.612924941100000069e+02
2.568257436000000027e+01,8.618983507200000531e+02
2.568257436000000027e+01,8.625042073399999936e+02
2.588695059999999870e+01,8.631100639500000398e+02
2.609295322999999911e+01,8.637159205699999802e+02
2.609295322999999911e+01,8.643217771800000264e+02
2.609295322999999911e+01,8.649276337899999589e+02
2.609295322999999911e+01,8.655334904100000131e+02
2.609295322999999911e+01,8.661393470199999456e+02
2.650988948999999906e+01,8.667452036399999997e+02
2.650988948999999906e+01,8.673510602500000459e+02
2.650988948999999906e+01,8.679569168599999784e+02
2.650988948999999906e+01,8.685627734800000326e+02
2.650988948999999906e+01,8.691686300899999651e+02
2.672084933000000007e+01,8.697744867000000113e+02
2.672084933000000007e+01,8.703803433199999517e+02
2.693348792999999830e+01,8.709861999299999979e+02
2.714781866999999949e+01,8.715920565500000521e+02
2.714781866999999949e+01,8.721979131599999846e+02
2.714781866999999949e+01,8.728037697700000308e+02
2.714781866999999949e+01,8.734096263899999713e+02
2.714781866999999949e+01,8.740154830000000175e+02
2.714781866999999949e+01,8.746213396199999579e+02
2.736385501000000176e+01,8.752271962300000041e+02
2.758161051000000086e+01,8.758330528400000503e+02
2.758161051000000086e+01,8.764389094599999908e+02
2.758161051000000086e+01,8.770447660700000370e+02
2.758161051000000086e+01,8.776506226899999774e+02
2.780109885999999975e+01,8.782564793000000236e+02
2.780109885999999975e+01,8.788623359099999561e+02
2.802233385999999982e+01,8.794681925300000103e+02
2.824532938999999843e+01,8.800740491400000565e+02
2.824532938999999843e+01,8.806799057599999969e+02
2.824532938999999843e+01,8.812857623700000431e+02
2.824532938999999843e+01,8.818916189799999756e+02
2.847009947000000096e+01,8.824974756000000298e+02
2.869665821999999977e+01,8.831033322099999623e+02
2.869665821999999977e+01,8.837091888300000164e+02
2.869665821999999977e+01,8.843150454399999489e+02
2.869665821999999977e+01,8.849209020499999951e+02
2.892501988000000068e+01,8.855267586700000493e+02
2.892501988000000068e+01,8.861326152799999818e+02
2.938720941000000053e+01,8.867384718900000280e+02
2.938720941000000053e+01,8.873443285099999684e+02
2.962106632000000062e+01,8.879501851200000146e+02
2.985678421000000071e+01,8.885560417399999551e+02
2.985678421000000071e+01,8.891618983500000013e+02
2.985678421000000071e+01,8.897677549600000475e+02
3.009437789000000052e+01,8.903736115799999880e+02
3.009437789000000052e+01,8.909794681900000342e+02
3.009437789000000052e+01,8.915853248099999746e+02
3.033386228999999901e+01,8.921911814200000208e+02
3.057525246000000152e+01,8.927970380299999533e+02
3.057525246000000152e+01,8.934028946500000075e+02
3.081856355000000036e+01,8.940087512600000537e+02
3.106381086000000025e+01,8.946146078699999862e+02
3.106381086000000025e+01,8.952204644900000403e+02
3.131100978999999995e+01,8.958263210999999728e+02
3.156017587999999918e+01,8.964321777100000190e+02
3.181132477999999963e+01,8.970380343299999595e+02
3.206447226000000228e+01,8.976438909400000057e+02
3.231963423999999918e+01,8.982497475599999461e+02
3.257682673000000051e+01,8.988556041599999844e+02
3.283606590000000125e+01,8.994614607900000465e+02
3.309736806000000087e+01,9.000673173999999790e+02
3.336074958999999751e+01,9.006731740200000331e+02
3.336074958999999751e+01,9.012790306299999656e+02
3.336074958999999751e+01,9.018848872300000039e+02
3.362622704999999712e+01,9.024907438599999523e+02
3.389381713000000218e+01,9.030966004699999985e+02
3.416353663000000296e+01,9.037024570900000526e+02
3.443540249000000131e+01,9.043083136999999851e+02
3.470943179999999728e+01,9.049141703100000313e+02
3.498564178000000169e+01,9.055200269299999718e+02
3.526404978000000057e+01,9.061258835400000180e+02
3.554467327999999782e+01,9.067317401499999505e+02
3.611263747999999651e+01,9.073375967700000047e+02
3.640001386000000139e+01,9.079434533800000509e+02
3.698164545000000203e+01,9.085493099999999913e+02
3.787156507000000261e+01,9.091551666100000375e+02
3.787156507000000261e+01,9.097610232199999700e+02
3.847671040000000175e+01,9.103668798400000242e+02
3.847671040000000175e+01,9.109727364499999567e+02
3.878289955000000333e+01,9.115785930700000108e+02
3.909152527999999904e+01,9.121844496799999433e+02
4.003221666999999684e+01,9.127903062899999895e+02
4.003221666999999684e+01,9.133961629100000437e+02
4.035078418999999883e+01,9.140020195199999762e+02
4.067188680000000289e+01,9.146078761400000303e+02
4.099554468000000185e+01,9.152137327499999628e+02
4.132177815000000010e+01,9.158195893600000090e+02
4.165060771999999645e+01,9.164254459799999495e+02
4.265288040000000080e+01,9.170313025899999957e+02
4.299230258000000049e+01,9.176371592100000498e+02
4.333442580999999905e+01,9.182430158199999823e+02
4.367927157999999821e+01,9.188488724300000285e+02
4.402686156000000040e+01,9.194547290499999690e+02
4.437721757999999994e+01,9.200605856600000152e+02
4.473036165999999980e+01,9.206664422799999556e+02
4.544510291000000279e+01,9.212722988900000018e+02
4.580674497999999772e+01,9.218781555000000481e+02
4.617126491999999871e+01,9.224840121199999885e+02
4.690903019999999657e+01,9.230898687300000347e+02
4.728232187999999780e+01,9.236957253499999752e+02
4.803784060000000267e+01,9.243015819600000214e+02
4.842011510999999757e+01,9.249074385699999539e+02
4.880543166999999727e+01,9.255132951900000080e+02
4.919381450000000200e+01,9.261191518000000542e+02
4.958528797999999682e+01,9.267250084099999867e+02
5.118258344000000193e+01,9.273308650300000409e+02
5.158988311000000238e+01,9.279367216399999734e+02
5.200042399000000160e+01,9.285425782600000275e+02
5.283133269999999726e+01,9.291484348699999600e+02
5.325175277000000307e+01,9.297542914800000062e+02
5.367551843999999761e+01,9.303601480999999467e+02
5.410265633000000207e+01,9.309660047099999929e+02
5.496715638999999953e+01,9.315718613300000470e+02
5.540457286000000181e+01,9.321777179399999795e+02
5.673781845999999973e+01,9.327835745500000257e+02
5.810314704999999691e+01,9.333894311699999662e+02
5.903157047999999918e+01,9.339952877800000124e+02
6.141805250000000171e+01,9.346011443999999528e+02
6.141805250000000171e+01,9.352070010099999990e+02
6.492208019999999635e+01,9.358128576200000452e+02
6.595946256999999946e+01,9.364187142399999857e+02
6.648435338000000172e+01,9.370245708500000319e+02
6.808422081999999875e+01,9.376304274599999644e+02
6.862601997999999526e+01,9.382362840800000185e+02
7.196856730000000368e+01,9.388421406899999511e+02
7.311854467000000568e+01,9.394479972999999973e+02
7.428689738999999292e+01,9.400538539100000435e+02
7.915000499999999306e+01,9.406597105299999839e+02
8.041473372999999469e+01,9.412655671400000301e+02
8.500256163000000242e+01,9.418714237499999626e+02
8.774075698000000045e+01,9.424772803800000247e+02
9.497838593000000174e+01,9.430831369899999572e+02
9.881809760000000153e+01,9.436889935899999955e+02
1.028130381299999954e+02,9.442948502199999439e+02
1.204744656200000037e+02,9.449007068199999821e+02
1.273477845900000034e+02,9.455065634500000442e+02
1.434255440700000008e+02,9.461124200599999767e+02
1.552565437700000075e+02,9.467182766600000150e+02
1.667366152399999919e+02,9.473241332899999634e+02
2.032775889000000120e+02,9.479299899000000096e+02
2.165849260599999866e+02,9.485358465199999500e+02
2.640503497000000266e+02,9.491417031299999962e+02
2.903988127499999905e+02,9.497475597400000424e+02
3.069666693400000099e+02,9.503534163599999829e+02
3.742396013300000277e+02,9.509592729700000291e+02
3.924675792300000126e+02,9.515651295899999695e+02
4.822859910500000069e+02,9.521709862000000157e+02
5.138582972799999879e+02,9.527768428099999483e+02
5.833387493000000177e+02,9.533826994300000024e+02
6.569857321599999977e+02,9.539885560400000486e+02
7.225435483500000373e+02,9.545944126599999890e+02
8.399791431600000351e+02,9.552002692700000352e+02
9.020893793000000187e+02,9.558061258799999678e+02
1.082488790800000061e+03,9.564119825000000219e+02
1.117359101949999967e+03,9.570178391099999544e+02
1.219153864939999949e+03,9.576236957300000086e+02
1.417303941319999922e+03,9.582295523400000548e+02
1.474601593200000025e+03,9.588354089499999873e+02
1.797766231620000099e+03,9.594412655700000414e+02
1.915454962130000013e+03,9.600471221799999739e+02
2.140251036300000123e+03,9.606529788000000281e+02
2.335234320200000184e+03,9.612588354099999606e+02
2.547981165640000199e+03,9.618646920200000068e+02
2.938720940749999954e+03,9.624705486399999472e+02
3.156017588010000054e+03,9.630764052499999934e+02
3.727593720310000208e+03,9.636822618600000396e+02
4.035078418890000194e+03,9.642881184799999801e+02
4.165060771759999625e+03,9.648939750900000263e+02
4.880543167140000151e+03,9.654998317099999667e+02
5.158988311240000257e+03,9.661056883200000129e+02
6.141805249869999898e+03,9.667115449299999455e+02
6.595946257419999711e+03,9.673174015499999996e+02
6.917213066559999788e+03,9.679232581600000458e+02
7.977986322820000169e+03,9.685291147799999862e+02
8.704804787450000731e+03,9.691349713900000324e+02
1.003971004924999943e+04,9.697408279999999650e+02
1.061249640021000050e+04,9.703466846200000191e+02
1.204744656193000083e+04,9.709525412299999516e+02
1.367642100304000087e+04,9.715583978500000057e+02
1.434255440749999980e+04,9.721642544600000519e+02
1.654202375962999940e+04,9.727701110699999845e+02
1.734773123245000170e+04,9.733759676900000386e+02
2.098257886028999928e+04,9.739818242999999711e+02
2.271340641831999892e+04,9.745876809200000253e+02
2.420031384812000033e+04,9.751935375299999578e+02
2.769113722095000048e+04,9.757993941400000040e+02
2.927097422468999866e+04,9.764052507599999444e+02
3.512456993851999869e+04,9.770111073699999906e+02
3.712849974777000170e+04,9.776169639900000448e+02
4.214876498117000301e+04,9.782228205999999773e+02
4.822859910464000131e+04,9.788286772100000235e+02
5.057765525805999641e+04,9.794345338299999639e+02
5.973761072951999813e+04,9.800403904400000101e+02
6.415476458273999742e+04,9.806462470500000563e+02
7.759702920704999997e+04,9.812521036699999968e+02
8.534010722012999759e+04,9.818579602800000430e+02
9.311484675854000670e+04,9.824638168899999755e+02
1.135213253093800013e+05,9.830696735000000217e+02
1.238634582769300032e+05,9.836755301199999622e+02
1.510086138836999889e+05,9.842813867400000163e+02
1.660771221745100047e+05,9.848872433400000546e+02
1.930697728883099917e+05,9.854930999700000029e+02
2.353817598207299889e+05,9.860989565800000491e+02
2.468464297795399907e+05,9.867048131799999737e+02
3.231963423554199981e+05,9.873106698100000358e+02
3.389381712882000138e+05,9.879165264099999604e+02
4.265288039692899911e+05,9.885223830400000224e+02
4.919381449747100123e+05,9.891282396499999550e+02
5.367551843571499921e+05,9.897340962499999932e+02
7.254127723425399745e+05,9.903399528800000553e+02
7.370040586690000491e+05,9.909458094899999878e+02
