#DataThief C:\Users\tonii\OneDrive\Pictures\Datathief\TTT_Ti6Al4V.png Tuesday 21-Jun-2022 5:38:13 PM
877407.56978448, 262.10030293
870480.47874523, 262.70615954
863608.07676033, 262.70615954
856789.93206229, 263.31201616
850025.61629241, 263.31201616
843314.70447387, 263.31201616
836656.774985, 263.31201616
830051.40953283, 263.91787277
823498.1931268, 263.91787277
816996.71405266, 263.91787277
810546.56384664, 264.52372938
804147.33726977, 264.52372938
797798.63228241, 264.52372938
791500.05001903, 264.52372938
785251.19476309, 265.129586
779051.67392224, 265.129586
772901.09800361, 265.129586
766799.08058938, 265.73544261
760745.23831246, 265.73544261
754739.19083243, 265.73544261
748780.56081163, 266.34129923
742868.97389151, 266.34129923
737004.058669, 266.34129923
731185.44667327, 266.34129923
725412.77234254, 266.94715584
719685.67300115, 266.94715584
714003.78883671, 266.94715584
708366.76287755, 267.55301245
702774.24097027, 267.55301245
697225.87175751, 267.55301245
691721.30665583, 267.55301245
686260.19983387, 268.15886907
680842.20819057, 268.15886907
675466.99133365, 268.76472568
670134.2115582, 268.76472568
664843.53382548, 268.76472568
659594.62574187, 269.3705823
654387.15753797, 269.3705823
649220.80204791, 269.3705823
644095.23468876, 269.3705823
639010.13344017, 269.97643891
633965.17882412, 269.97643891
628960.05388486, 269.97643891
623994.44416898, 270.58229552
619068.03770567, 270.58229552
614180.52498712, 270.58229552
609331.59894906, 271.18815214
604520.95495149, 271.18815214
599748.29075951, 271.79400875
595013.30652437, 271.79400875
590315.70476459, 271.79400875
585655.19034733, 271.79400875
581031.47046976, 272.39986537
576444.25464075, 272.39986537
571893.25466255, 272.39986537
567378.18461279, 273.00572198
562898.76082634, 273.00572198
558454.70187768, 273.00572198
554045.7285631, 273.00572198
549671.56388316, 273.61157859
545331.93302536, 273.61157859
541026.56334682, 273.61157859
536755.18435715, 273.61157859
532517.52770148, 274.21743521
528313.32714359, 274.21743521
524142.31854919, 274.21743521
520004.23986928, 274.82329182
515898.83112377, 274.82329182
511825.83438508, 274.82329182
507784.99376196, 275.42914843
503776.05538339, 275.42914843
499798.76738269, 275.42914843
495852.87988161, 276.03500505
491938.14497471, 276.03500505
488054.31671374, 276.03500505
484201.1510922, 276.64086166
480378.40603001, 276.64086166
476585.8413583, 276.64086166
472823.21880432, 276.64086166
469090.30197647, 277.24671828
465386.85634947, 277.24671828
461712.64924958, 277.24671828
458067.44984002, 277.85257489
454451.02910645, 277.85257489
450863.1598426, 277.85257489
447303.61663597, 278.4584315
443772.17585369, 278.4584315
440268.61562844, 279.06428812
436792.71584457, 279.06428812
433344.2581242, 279.06428812
429923.02581355, 279.67014473
426528.80396929, 279.67014473
423161.37934509, 279.67014473
419820.54037816, 279.67014473
416506.077176, 280.27600135
413217.78150321, 280.27600135
409955.44676838, 280.27600135
406718.86801115, 280.88185796
403507.84188929, 280.88185796
400322.16666597, 280.88185796
397161.64219705, 280.88185796
394026.06991851, 281.48771457
390915.252834, 281.48771457
387828.99550244, 282.09357119
384767.10402576, 282.09357119
381729.38603667, 282.09357119
378715.65068665, 282.09357119
375725.70863391, 282.6994278
372759.37203149, 282.6994278
369816.45451549, 282.6994278
366896.77119332, 283.30528442
364000.13863215, 283.30528442
361126.37484729, 283.91114103
358275.29929086, 283.91114103
355446.73284037, 283.91114103
352640.49778748, 283.91114103
349856.41782691, 283.91114103
347094.31804523, 284.51699764
344354.02490997, 284.51699764
341635.3662587, 285.12285426
338938.1712882, 285.12285426
336262.27054373, 285.12285426
333607.49590838, 285.12285426
330973.68059255, 285.72871087
328360.65912338, 285.72871087
325768.26733445, 286.33456749
323196.34235542, 286.33456749
320644.72260179, 286.33456749
318113.24776477, 286.33456749
315601.75880121, 286.9404241
313110.09792359, 286.9404241
310638.10859011, 286.9404241
308185.63549486, 286.9404241
305752.52455808, 287.54628071
303338.62291643, 287.54628071
300943.77891346, 288.15213733
298567.84209001, 288.15213733
296210.66317479, 288.15213733
293872.09407501, 288.15213733
291551.98786707, 288.75799394
289250.19878731, 288.75799394
286966.58222288, 289.36385056
284700.99470262, 289.36385056
282453.29388811, 289.36385056
280223.33856463, 289.36385056
278010.98863239, 289.96970717
275816.10509766, 289.96970717
273638.55006406, 289.96970717
271478.18672391, 290.57556378
269334.87934958, 290.57556378
267208.49328506, 290.57556378
265098.89493739, 291.1814204
263005.95176836, 291.1814204
260929.53228613, 291.1814204
258869.50603695, 291.1814204
256825.74359706, 291.78727701
254798.11656445, 291.78727701
252786.49755083, 292.39313363
250790.76017367, 292.39313363
248810.77904819, 292.39313363
246846.42977954, 292.39313363
244897.58895496, 292.99899024
242964.13413601, 292.99899024
241045.94385091, 292.99899024
239142.89758689, 293.60484685
237254.87578264, 293.60484685
235381.75982073, 293.60484685
233523.43202029, 294.21070347
231679.77562945, 294.21070347
229850.67481815, 294.21070347
228036.01467077, 294.21070347
226235.68117896, 294.81656008
224449.56123445, 294.81656008
222677.54262197, 295.42241669
220919.51401217, 295.42241669
219175.36495464, 295.42241669
217444.98587098, 295.42241669
215728.2680479, 296.02827331
214025.1036304, 296.02827331
212335.38561497, 296.63412992
210659.00784293, 296.63412992
208995.86499368, 296.63412992
207345.85257813, 296.63412992
205708.86693215, 297.23998654
204084.80520999, 297.23998654
202473.5653779, 297.23998654
200875.04620766, 297.84584314
199289.14727025, 297.84584314
197715.76892954, 297.84584314
196154.81233601, 298.45169976
194606.17942056, 298.45169976
193069.77288831, 298.45169976
191545.4962126, 298.45169976
190033.25362875, 299.05755638
188532.95012819, 299.05755638
187044.49145241, 299.66341298
185567.7840871, 299.66341298
184102.73525622, 299.66341298
182649.25291618, 299.66341298
181207.2457501, 300.26926961
179776.62316203, 300.26926961
178357.29527124, 300.87512621
176949.17290668, 300.87512621
175552.16760121, 300.87512621
174166.19158621, 301.48098282
172791.15778592, 301.48098282
171426.97981211, 301.48098282
170073.57195852, 301.48098282
168730.84919558, 302.08683945
167398.72716499, 302.08683945
166077.12217451, 302.69269605
164765.95119256, 302.69269605
163465.13184317, 302.69269605
162174.58240068, 302.69269605
160894.22178467, 302.69269605
159623.96955484, 303.29855268
158363.74590596, 303.90440929
157113.47166285, 303.90440929
155873.06827544, 303.90440929
154642.45781378, 304.5102659
153421.56296321, 304.5102659
152210.30701942, 304.5102659
151008.6138837, 304.5102659
149816.40805815, 305.11612252
148633.61464089, 305.11612252
147460.15932142, 305.72197913
146295.96837589, 305.72197913
145140.96866251, 305.72197913
143995.08761695, 305.72197913
142858.25324774, 306.32783575
141730.39413184, 306.32783575
140611.43941001, 306.93369236
139501.3187825, 306.93369236
138399.96250455, 306.93369236
137307.30138204, 306.93369236
136223.26676713, 307.53954897
135147.79055396, 307.53954897
134080.80517435, 308.14540559
133022.24359357, 308.14540559
131972.03930614, 308.14540559
130930.12633161, 308.7512622
129896.43921047, 308.7512622
128870.91299998, 308.7512622
127853.48327017, 308.7512622
126844.0860997, 309.35711882
125842.65807188, 309.35711882
124849.13627072, 309.96297543
123863.45827693, 309.96297543
122885.56216403, 309.96297543
121915.38649443, 309.96297543
120952.87031563, 310.56883204
119997.95315627, 310.56883204
119050.57502248, 311.17468866
118110.67639401, 311.17468866
117178.19822051, 311.17468866
116253.08191784, 311.78054527
115335.26936439, 311.78054527
114424.7028974, 311.78054527
113521.32530938, 311.78054527
112625.07984445, 312.38640188
111735.91019484, 312.38640188
110853.76049735, 312.9922585
109978.57532976, 312.9922585
109110.29970744, 312.9922585
108248.87907988, 312.9922585
107394.25932721, 313.59811511
106546.38675683, 314.20397173
105705.2081001, 314.20397173
104870.67050885, 314.20397173
104042.7215522, 314.20397173
103221.30921319, 314.20397173
102406.38188553, 314.80982834
101597.88837037, 314.80982834
100795.77787307, 315.41568495
100000.0, 315.41568495
99210.5047554, 316.02154157
98427.2425382, 316.02154157
97650.16413897, 316.02154157
96879.22073674, 316.02154157
96114.36389601, 316.62739818
95355.54556367, 316.62739818
94602.71806599, 317.2332548
93855.83410559, 317.2332548
93114.84675854, 317.2332548
92379.70947136, 317.2332548
91650.37605811, 317.83911141
90926.80069747, 318.44496802
90208.93792989, 318.44496802
89496.74265472, 318.44496802
88790.17012739, 318.44496802
88089.17595656, 319.05082464
87393.71610137, 319.05082464
86703.74686867, 319.05082464
86019.22491024, 319.65668125
85340.10722013, 319.65668125
84666.35113189, 319.65668125
83997.91431592, 320.26253787
83334.75477683, 320.26253787
82676.83085077, 320.26253787
82024.10120281, 320.86839448
81376.52482439, 320.86839448
80734.06103067, 321.47425109
80096.66945806, 321.47425109
79464.3100616, 321.47425109
78836.94311251, 321.47425109
78214.52919564, 322.08010771
77597.02920705, 322.08010771
76984.40435151, 322.68596432
76376.61614007, 322.68596432
75773.62638764, 322.68596432
75175.39721066, 323.29182094
74581.89102457, 323.29182094
73993.07054159, 323.29182094
73408.89876833, 323.89767755
72829.33900344, 323.89767755
72254.35483533, 324.50353416
71683.91013989, 324.50353416
71117.96907818, 324.50353416
70556.49609425, 324.50353416
69999.45591283, 325.10939078
69446.81353715, 325.10939078
68898.53424674, 325.71524739
68354.58359526, 325.71524739
67814.92740831, 325.71524739
67279.53178129, 325.71524739
66748.36307729, 326.32110401
66221.38792494, 326.32110401
65698.57321636, 326.92696062
65179.88610504, 326.92696062
64665.29400381, 327.53281723
64154.76458274, 327.53281723
63648.26576717, 327.53281723
63145.76573566, 327.53281723
62647.23291801, 328.13867385
62152.63599324, 328.74453046
61661.94388769, 328.74453046
61175.12577296, 328.74453046
60692.1510641, 328.74453046
60212.9894176, 328.74453046
59737.61072952, 329.35038708
59265.98513357, 329.35038708
58798.08299927, 329.95624369
58333.87493007, 329.95624369
57873.33176151, 329.95624369
57416.42455936, 330.5621003
56963.12461784, 330.5621003
56513.4034578, 331.16795692
56067.23282494, 331.16795692
55624.58468801, 331.77381353
55185.43123706, 331.77381353
54749.74488173, 331.77381353
54317.49824946, 331.77381353
53888.66418379, 332.37967014
53463.21574268, 332.98552676
53041.12619678, 332.98552676
52622.36902777, 332.98552676
52206.9179267, 332.98552676
51794.74679231, 332.98552676
51385.82972943, 333.59138337
50980.14104732, 333.59138337
50577.65525806, 334.19723999
50178.34707496, 334.19723999
49782.19141098, 334.19723999
49389.16337713, 334.8030966
48999.23828092, 334.8030966
48612.3916248, 334.8030966
48228.59910464, 335.40895321
47847.83660816, 335.40895321
47470.0802135, 336.01480983
47095.3061876, 336.01480983
46723.49098482, 336.01480983
46354.61124538, 336.01480983
45988.64379394, 336.62066644
45625.56563813, 337.22652305
45265.3539671, 337.22652305
44907.98615006, 337.22652305
44553.43973497, 337.83237967
44201.69244695, 337.83237967
43852.72218705, 337.83237967
43506.50703076, 338.43823628
43163.02522665, 339.0440929
42822.25519506, 339.0440929
42484.17552667, 339.0440929
42148.76498117, 339.0440929
41816.00248599, 339.0440929
41485.86713488, 339.64994951
41158.33818665, 339.64994951
40833.39506392, 340.25580613
40511.01735168, 340.25580613
40191.18479615, 340.25580613
39873.87730343, 340.86166273
39559.07493828, 340.86166273
39246.75792284, 340.86166273
38936.90663538, 341.46751935
38629.50160909, 342.07337597
38324.52353088, 342.07337597
38021.95324008, 342.07337597
37721.77172735, 342.07337597
37423.96013338, 342.07337597
37128.49974777, 342.67923257
36835.37200788, 343.2850892
36544.55849755, 343.2850892
36256.04094605, 343.2850892
35969.8012269, 343.2850892
35685.82135672, 343.8909458
35404.08349411, 343.8909458
35124.56993852, 344.49680242
34847.26312917, 344.49680242
34572.14564389, 344.49680242
34299.20019808, 345.10265904
34028.40964358, 345.10265904
33759.75696763, 345.10265904
33493.22529178, 345.70851565
33228.79787083, 346.31437227
32966.4580918, 346.31437227
32706.18947285, 346.31437227
32447.97566227, 346.31437227
32191.80043745, 346.31437227
31937.64770384, 346.92022888
31685.50149398, 347.52608549
31435.34596646, 347.52608549
31187.16540493, 347.52608549
30940.94421713, 347.52608549
30696.6669339, 348.13194211
30454.3182082, 348.13194211
30213.88281418, 348.73779872
29975.34564614, 349.34365533
29738.69171772, 349.34365533
29503.90616079, 349.34365533
29270.97422469, 349.34365533
29039.88127513, 349.34365533
28810.61279343, 349.94951195
28583.15437548, 350.55536856
28357.49173093, 350.55536856
28133.61068223, 350.55536856
27911.49716375, 350.55536856
27691.13722095, 350.55536856
27472.51700941, 351.16122518
27255.62279405, 351.76708179
27040.4409482, 351.76708179
26826.9579528, 351.76708179
26615.16039549, 352.3729384
26405.03496982, 352.3729384
26196.5684744, 352.3729384
25989.74781204, 352.97879502
25784.55998898, 353.58465163
25580.99211403, 353.58465163
25379.03139777, 353.58465163
25178.66515175, 353.58465163
24979.88078773, 353.58465163
24782.6658168, 354.19050825
24587.00784869, 354.79636486
24392.89459093, 354.79636486
24200.31384812, 354.79636486
24009.2535211, 354.79636486
23819.70160629, 355.40222147
23631.64619483, 355.40222147
23445.0754719, 356.00807809
23259.97771596, 356.6139347
23076.34129799, 356.6139347
22894.15468082, 356.6139347
22713.40641832, 356.6139347
22534.08515476, 356.6139347
22534.08515476, 357.21979132
22356.17962405, 357.82564793
22179.67864904, 357.82564793
22004.57114084, 357.82564793
21830.84609809, 357.82564793
21658.49260628, 357.82564793
21487.4998371, 358.43150454
21317.85704771, 358.43150454
21317.85704771, 359.03736116
21149.55358006, 359.03736116
20982.57886029, 359.64321777
20816.922398, 359.64321777
20652.57378559, 359.64321777
20489.52269767, 359.64321777
20327.75889032, 360.24907439
20167.27220055, 360.24907439
20008.05254556, 360.854931
19850.08992218, 360.854931
19693.37440619, 360.854931
19537.89615175, 360.854931
19383.64539073, 361.46078761
19230.61243215, 362.06664423
19078.78766149, 362.06664423
18928.16154017, 362.06664423
18778.72460492, 362.06664423
18630.46746717, 362.67250084
18483.38081247, 362.67250084
18337.45539991, 362.67250084
18337.45539991, 363.27835746
18192.68206155, 363.88421407
18049.05170181, 363.88421407
17906.55529692, 363.88421407
17765.18389438, 363.88421407
17624.92861234, 363.88421407
17485.78063908, 364.49007068
17347.73123245, 365.0959273
17210.77171933, 365.0959273
17074.89349504, 365.0959273
16940.08802288, 365.0959273
16806.34683351, 365.70178391
16673.66152445, 365.70178391
16542.02375963, 366.30764053
16411.42526868, 366.91349714
16281.85784662, 366.91349714
16153.31335318, 366.91349714
16025.78371241, 366.91349714
15899.26091209, 367.51935375
15773.73700327, 367.51935375
15649.20409973, 368.12521037
15525.65437754, 368.12521037
15403.08007454, 368.12521037
15281.47348983, 368.12521037
15160.82698332, 368.12521037
15160.82698332, 368.73106698
15041.13297524, 369.33692359
14922.38394567, 369.33692359
14804.57243404, 369.33692359
14687.69103869, 369.33692359
14571.73241639, 369.94278021
14456.68928191, 369.94278021
14342.5544075, 370.54863682
14229.3206225, 371.15449344
14116.98081285, 371.15449344
14005.52792065, 371.15449344
13894.95494373, 371.15449344
13785.25493521, 371.15449344
13676.42100304, 371.76035005
13568.44630959, 372.36620666
13461.32407121, 372.36620666
13355.04755781, 372.36620666
13249.61009242, 372.36620666
13145.00505081, 372.97206328
13041.22586103, 372.97206328
13041.22586103, 373.57791989
12938.26600301, 374.18377651
12836.1190082, 374.18377651
12734.77845903, 374.18377651
12634.23798869, 374.18377651
12534.49128058, 374.18377651
12435.53206797, 374.78963312
12337.35413366, 375.39548973
12239.95130947, 375.39548973
12143.31747594, 375.39548973
12047.44656193, 375.39548973
11952.33254422, 375.39548973
11857.96944717, 376.00134635
11764.35134228, 376.60720296
11671.47234787, 376.60720296
11579.32662871, 376.60720296
11487.90839561, 376.60720296
11397.21190512, 377.21305958
11307.23145912, 377.81891619
11217.96140446, 378.4247728
11129.39613262, 378.4247728
11041.53007941, 378.4247728
10954.3577245, 378.4247728
10867.87359119, 378.4247728
10782.07224599, 379.03062942
10696.94829834, 379.63648603
10612.49640021, 379.63648603
10528.7112458, 379.63648603
10445.58757119, 379.63648603
10363.12015405, 379.63648603
10281.30381324, 380.24234264
10200.13340855, 380.84819926
10119.60384035, 381.45405587
10039.71004925, 381.45405587
9960.44701584, 381.45405587
9881.80976031, 381.45405587
9803.79334216, 381.45405587
9803.79334216, 382.05991249
9726.39285994, 382.6657691
9649.60345084, 382.6657691
9573.42029048, 382.6657691
9497.83859254, 382.6657691
9422.85360851, 382.6657691
9348.46062736, 383.27162572
9274.65497527, 383.87748232
9201.43201528, 384.48333893
9128.78714709, 384.48333893
9056.71580667, 384.48333893
8985.21346606, 384.48333893
8914.27563303, 384.48333893
8914.27563303, 385.08919556
8843.89785081, 385.69505216
8774.07569784, 385.69505216
8704.80478745, 385.69505216
8636.0807676, 385.69505216
8567.89932062, 385.69505216
8500.25616292, 386.30090877
8433.14704474, 386.9067654
8366.56774985, 386.9067654
8300.51409533, 386.9067654
8234.98193127, 386.9067654
8169.96714053, 387.512622
8105.46563847, 387.512622
8105.46563847, 388.11847863
8041.4733727, 388.72433524
7977.98632282, 388.72433524
7915.00050019, 388.72433524
7852.51194762, 388.72433524
7790.51673922, 388.72433524
7729.01098004, 389.33019185
7667.99080588, 389.93604847
7607.45238312, 389.93604847
7547.39190832, 389.93604847
7487.80560812, 389.93604847
7428.68973892, 390.54190508
7370.04058669, 391.1477617
7311.85446673, 391.75361831
7254.12772343, 391.75361831
7196.85673001, 391.75361831
7140.03788837, 391.75361831
7083.66762878, 391.75361831
7083.66762878, 392.35947492
7027.7424097, 392.96533154
6972.25871758, 392.96533154
6917.21306656, 392.96533154
6862.60199834, 392.96533154
6808.42208191, 392.96533154
6754.66991334, 393.57118815
6701.34211558, 394.17704477
6648.43533825, 394.17704477
6595.94625742, 394.17704477
6543.87157538, 394.17704477
6492.20802048, 394.78290138
6440.95234688, 394.78290138
6440.95234688, 395.38875799
6390.1013344, 395.99461461
6339.65178824, 395.99461461
6289.60053885, 395.99461461
6239.94444169, 395.99461461
6190.68037706, 396.60047122
6141.80524987, 396.60047122
6093.31598949, 397.20632784
6045.20954951, 397.20632784
5997.48290759, 397.20632784
5950.13306524, 397.20632784
5903.15704765, 397.81218445
5856.55190347, 397.81218445
5856.55190347, 398.41804106
5810.3147047, 399.02389768
5764.44254641, 399.02389768
5718.93254663, 399.02389768
5673.78184613, 399.02389768
5628.98760826, 399.62975429
5584.54701878, 400.23561091
5540.45728562, 400.23561091
5496.71563883, 400.23561091
5453.31933025, 400.23561091
5410.26563347, 400.84146752
5367.55184357, 400.84146752
5325.17527701, 401.44732413
5283.13327144, 402.05318075
5241.42318549, 402.05318075
5200.04239869, 402.05318075
5158.98831124, 402.05318075
5118.25834385, 402.65903736
5077.84993762, 403.26489398
5037.76055383, 403.26489398
4997.98767382, 403.26489398
4958.52879882, 403.26489398
4919.38144975, 403.87075059
4880.54316714, 404.4766072
4842.01151092, 404.4766072
4803.7840603, 404.4766072
4765.85841358, 404.4766072
4728.23218804, 405.08246382
4690.90301975, 405.08246382
4690.90301975, 405.68832043
4653.86856349, 406.29417704
4617.1264925, 406.29417704
4580.6744984, 406.29417704
4544.51029106, 406.29417704
4508.63159843, 406.29417704
4473.03616636, 406.90003366
4437.72175854, 407.50589027
4402.68615628, 407.50589027
4367.92715844, 407.50589027
4333.44258124, 407.50589027
4299.23025814, 408.11174689
4265.28803969, 408.7176035
4231.61379345, 409.32346011
4198.20540378, 409.32346011
4165.06077176, 409.32346011
4132.17781503, 409.32346011
4099.55446768, 409.32346011
4099.55446768, 409.92931673
4067.18868011, 410.53517334
4035.07841889, 410.53517334
4003.22166666, 410.53517334
3971.61642197, 410.53517334
3940.26069919, 410.53517334
3909.15252834, 411.14102996
3878.28995502, 411.74688657
3847.67104026, 411.74688657
3817.29386037, 411.74688657
3787.15650687, 411.74688657
3757.25708634, 412.35274318
3727.59372031, 412.9585998
3698.16454515, 413.56445641
3668.96771193, 413.56445641
3640.00138632, 413.56445641
3611.26374847, 413.56445641
3582.75299291, 413.56445641
3582.75299291, 414.17031303
3554.4673284, 414.77616964
3526.40497787, 414.77616964
3498.56417827, 414.77616964
3470.94318044, 414.77616964
3443.5402491, 414.77616964
3443.5402491, 415.38202625
3416.35366258, 415.98788287
3389.38171288, 415.98788287
3362.62270544, 416.59373948
3336.07495908, 416.59373948
3309.73680593, 416.59373948
3283.60659123, 416.59373948
3257.68267334, 417.1995961
3231.96342355, 417.80545271
3206.44722602, 417.80545271
3181.13247765, 417.80545271
3156.01758801, 417.80545271
3131.10097924, 418.41130932
3106.3810859, 419.01716594
3081.85635495, 419.01716594
3057.52524558, 419.01716594
3033.38622916, 419.01716594
3009.43778913, 419.62302255
2985.67842089, 420.22887917
2962.10663175, 420.22887917
2938.72094075, 420.83473578
2915.51987867, 420.83473578
2892.50198787, 420.83473578
2869.66582222, 420.83473578
2869.66582222, 421.44059239
2847.00994703, 422.04644901
2824.53293888, 422.04644901
2802.23338565, 422.04644901
2780.10988632, 422.04644901
2758.16105098, 422.04644901
2736.38550064, 422.65230562
2714.78186724, 423.25816223
2693.3487935, 423.25816223
2672.08493285, 423.86401885
2650.98894937, 423.86401885
2630.05951768, 423.86401885
2609.29532286, 424.46987546
2588.69506037, 425.07573208
2568.25743597, 425.07573208
2547.98116564, 425.07573208
2527.8649755, 425.07573208
2507.90760174, 425.07573208
2507.90760174, 425.68158868
2488.10779048, 426.2874453
2468.4642978, 426.2874453
2448.97588955, 426.89330191
2429.64134136, 426.89330191
2410.45943851, 426.89330191
2391.42897587, 426.89330191
2372.54875783, 427.49915852
2353.8175982, 428.10501515
2335.2343202, 428.10501515
2316.79775629, 428.10501515
2298.50674818, 428.10501515
2280.36014671, 428.10501515
2280.36014671, 428.71087175
2262.35681179, 429.31672836
2244.49561234, 429.31672836
2226.77542622, 429.31672836
2209.19514012, 429.31672836
2191.75364955, 429.31672836
2191.75364955, 429.92258499
2174.44985871, 430.52844159
2157.28268048, 430.52844159
2140.2510363, 431.13429822
2123.35385615, 431.13429822
2106.59007843, 431.13429822
2089.95864994, 431.13429822
2073.45852578, 431.74015483
2057.08866932, 432.34601144
2040.84805209, 432.34601144
2024.73565378, 432.34601144
2008.75046208, 432.34601144
1992.8914727, 432.34601144
1992.8914727, 432.95186806
1977.1576893, 433.55772467
1961.54812336, 433.55772467
1946.06179421, 434.16358129
1930.69772888, 434.16358129
1915.45496213, 434.16358129
1900.33253629, 434.7694379
1885.32950128, 434.7694379
1870.44491452, 435.37529451
1855.67784087, 435.37529451
1841.02735256, 435.37529451
1826.49252916, 435.37529451
1812.0724575, 435.98115113
1797.76623162, 436.58700774
1783.57295271, 436.58700774
1769.49172906, 436.58700774
1755.52167601, 436.58700774
1741.66191586, 437.19286436
1727.91157786, 437.79872097
1714.26979812, 438.40457758
1700.73571959, 438.40457758
1687.30849196, 438.40457758
1673.98727164, 438.40457758
1660.77122175, 439.0104342
1647.65951192, 439.61629081
1634.65131843, 439.61629081
1621.74582401, 439.61629081
1608.94221785, 439.61629081
1596.23969555, 439.61629081
1596.23969555, 440.22214743
1583.63745905, 440.82800404
1571.13471663, 440.82800404
1558.73068275, 441.43386065
1546.42457814, 441.43386065
1534.21562963, 441.43386065
1522.10307019, 442.03971727
1510.08613884, 442.03971727
1498.16408058, 442.64557388
1486.33614641, 442.64557388
1474.6015932, 442.64557388
1462.95968375, 442.64557388
1451.40968663, 443.25143049
1439.95087617, 443.85728711
1428.58253248, 443.85728711
1417.30394132, 444.46314372
1406.1143941, 444.46314372
1395.01318782, 444.46314372
1383.99962505, 445.06900034
1373.07301382, 445.06900034
1362.23266767, 445.67485695
1351.47790554, 445.67485695
1340.80805174, 445.67485695
1330.22243594, 446.28071356
1319.72039306, 446.88657018
1309.30126332, 446.88657018
1298.9643921, 446.88657018
1288.70913, 446.88657018
1278.5348327, 447.49242679
1268.440861, 448.09828341
1258.42658072, 448.09828341
1248.49136271, 448.09828341
1238.63458277, 448.70414002
1228.85562163, 448.70414002
1219.15386494, 448.70414002
1219.15386494, 449.30999663
1209.52870316, 449.30999663
1199.97953155, 449.91585325
1190.50575022, 449.91585325
1181.10676394, 449.91585325
1171.78198221, 449.91585325
1171.78198221, 450.52170986
1162.53081918, 451.12756648
1153.35269364, 451.12756648
1144.24702897, 451.12756648
1135.21325309, 451.73342309
1126.25079844, 451.73342309
1117.35910195, 452.3392797
1108.53760496, 452.3392797
1099.7857533, 452.3392797
1091.10299707, 452.94513632
1082.4887908, 452.94513632
1073.94259327, 452.94513632
1065.46386757, 453.55099293
1057.052081, 454.15684955
1048.70670509, 454.15684955
1040.42721552, 454.15684955
1032.21309213, 454.15684955
1024.06381886, 454.76270616
1015.9788837, 455.36856277
1007.95777873, 455.36856277
1000.0, 455.97441939
992.10504755, 455.97441939
984.27242538, 456.580276
976.50164139, 456.580276
968.79220736, 457.18613262
961.14363896, 457.18613262
953.55545564, 457.18613262
946.02718066, 457.79198923
938.55834106, 457.79198923
931.14846759, 458.39784584
923.79709471, 458.39784584
916.50376058, 459.00370246
909.26800697, 459.00370246
902.0893793, 459.60955907
894.96742654, 459.60955907
887.90170127, 460.21541568
880.89175957, 460.21541568
873.93716101, 460.21541568
867.03746869, 460.8212723
860.1922491, 461.42712891
853.4010722, 461.42712891
846.66351132, 461.42712891
839.97914316, 461.42712891
833.34754777, 462.03298553
826.76830851, 462.63884214
820.24101203, 462.63884214
813.76524824, 463.24469875
807.34061031, 463.24469875
800.96669458, 463.85055537
794.64310062, 463.85055537
788.36943113, 464.45641198
782.14529196, 464.45641198
775.97029207, 464.45641198
769.84404352, 465.0622686
763.7661614, 465.66812521
757.73626388, 465.66812521
751.7539721, 465.66812521
745.81891025, 466.27398182
739.93070542, 466.27398182
734.08898768, 466.87983843
728.29339003, 466.87983843
722.54354835, 467.48569505
716.8391014, 467.48569505
711.17969078, 468.09155167
705.56496094, 468.69740827
699.99455912, 468.69740827
694.46813537, 468.69740827
688.98534247, 469.30326489
683.54583594, 469.30326489
678.14927408, 469.9091215
672.79531781, 469.9091215
667.48363077, 470.51497811
662.21387925, 470.51497811
656.98573216, 471.12083474
651.79886105, 471.72669134
646.65294004, 471.72669134
641.54764583, 471.72669134
636.48265767, 471.72669134
631.45765736, 472.33254795
626.47232918, 472.93840458
621.52635993, 472.93840458
616.61943888, 473.54426118
611.75125772, 473.54426118
606.92151064, 474.15011781
602.12989418, 474.15011781
597.3761073, 474.75597442
592.65985134, 474.75597442
587.98082999, 475.36183103
583.3387493, 475.96768765
578.73331762, 475.96768765
574.16424559, 475.96768765
569.63124618, 476.57354426
565.13403458, 476.57354426
560.67232825, 477.17940088
556.24584688, 477.17940088
551.85431237, 477.78525749
547.49744882, 477.78525749
543.17498249, 478.3911141
538.88664184, 478.99697072
534.63215743, 478.99697072
530.41126197, 478.99697072
526.22369028, 479.60282733
522.06917927, 480.20868394
517.94746792, 480.20868394
513.85829728, 480.20868394
509.80141047, 480.81454056
505.77655258, 481.42039717
501.78347075, 481.42039717
497.82191411, 482.02625379
493.89163376, 482.02625379
489.99238281, 482.02625379
489.99238281, 482.6321104
486.12391625, 482.6321104
482.28599105, 483.23796701
478.47836608, 483.23796701
474.70080213, 483.84382363
470.95306188, 484.44968024
467.23490985, 484.44968024
463.54611244, 485.05553686
459.88643794, 485.05553686
456.25565638, 485.05553686
452.65353967, 485.66139347
449.0798615, 486.26725008
445.53439734, 486.26725008
442.01692447, 486.8731067
438.52722187, 486.8731067
435.06507031, 487.47896331
431.63025227, 487.47896331
428.22255195, 488.08481993
424.84175527, 488.08481993
421.48764981, 488.69067654
418.16002486, 488.69067654
414.85867135, 489.29653315
411.58338187, 489.29653315
408.33395064, 489.90238977
405.11017352, 490.50824638
401.91184796, 490.50824638
398.73877303, 491.114103
395.59074938, 491.114103
392.46757923, 491.71995961
389.36906635, 491.71995961
386.29501609, 492.32581622
383.24523531, 492.32581622
380.2195324, 492.93167284
377.21771727, 493.53752945
374.23960133, 493.53752945
371.28499748, 493.53752945
368.35372008, 494.14338607
365.44558498, 494.74924268
362.56040946, 494.74924268
359.69801227, 495.35509929
356.85821357, 495.35509929
354.04083494, 495.96095591
351.24569939, 495.96095591
348.47263129, 496.56681252
345.72145643, 496.56681252
342.99200198, 497.17266913
340.28409644, 497.77852575
337.59756967, 497.77852575
334.93225292, 498.38438236
332.28797871, 498.38438236
329.66458092, 498.99023898
327.06189473, 498.99023898
324.47975662, 499.59609559
321.91800437, 499.59609559
319.37647704, 500.2019522
316.85501494, 500.80780882
314.35345966, 500.80780882
311.87165405, 501.41366543
309.40944217, 501.41366543
306.96666934, 502.01952205
304.54318208, 502.01952205
302.13882814, 502.62537866
299.75345646, 502.62537866
299.75345646, 503.23123527
297.38691718, 503.23123527
295.03906161, 503.83709189
292.70974225, 503.83709189
290.39881275, 504.4429485
288.10612793, 504.4429485
285.83154375, 505.04880512
283.57491731, 505.65466173
281.33610682, 505.65466173
279.11497164, 506.26051834
276.91137221, 506.26051834
274.72517009, 506.26051834
272.55622793, 506.86637496
270.40440948, 507.47223157
268.26957953, 508.07808819
266.15160395, 508.07808819
264.0503497, 508.6839448
261.96568474, 509.28980141
259.89747812, 509.28980141
257.84559989, 509.89565802
255.80992114, 509.89565802
253.79031398, 510.50151464
251.78665152, 510.50151464
249.79880788, 511.10737126
247.82665817, 511.10737126
245.87007849, 511.71322786
243.92894591, 512.31908448
242.00313848, 512.31908448
240.09253521, 512.92494109
238.19701606, 513.5307977
236.31646194, 513.5307977
234.45075472, 514.13665433
232.59977716, 514.13665433
230.76341298, 514.74251093
228.94154681, 514.74251093
227.13406418, 515.34836755
225.34085155, 515.95422417
223.56179624, 515.95422417
221.79678649, 516.56008077
220.04571141, 516.56008077
218.30846098, 517.16593739
216.58492606, 517.77179401
214.87499837, 517.77179401
213.17857048, 518.37765062
211.4955358, 518.98350724
209.8257886, 519.58936385
208.16922398, 519.58936385
206.52573786, 520.19522046
204.89522698, 520.80107708
203.2775889, 520.80107708
201.67272201, 521.40693369
200.08052546, 521.40693369
198.50089922, 522.01279031
196.93374406, 522.01279031
195.37896152, 522.61864692
193.83645391, 523.22450353
192.30612432, 523.83036015
190.78787661, 523.83036015
189.2816154, 524.43621676
187.78724605, 525.04207338
186.30467467, 525.64792999
184.83380812, 525.64792999
184.83380812, 526.2537866
183.374554, 526.2537866
181.92682062, 526.85964322
180.49051702, 527.46549983
179.06555297, 528.07135645
177.65183894, 528.07135645
176.24928612, 528.67721306
174.85780639, 529.28306967
173.47731232, 529.88892629
172.10771719, 529.88892629
170.74893495, 530.4947829
169.40088023, 531.10063952
168.06346834, 531.10063952
166.73661524, 531.70649613
166.73661524, 532.31235274
165.4202376, 532.31235274
164.11425269, 532.91820936
162.81857846, 533.52406597
161.53313353, 534.12992258
160.25783712, 534.7357792
158.99260912, 535.34163581
157.73737003, 535.34163581
156.492041, 535.94749243
155.25654377, 536.55334904
154.03080075, 537.15920565
152.8147349, 537.76506227
151.60826983, 538.37091888
150.41132975, 538.37091888
149.22383946, 538.9767755
149.22383946, 539.58263211
148.04572434, 539.58263211
146.87691039, 540.18848872
145.71732416, 540.79434534
144.56689282, 541.40020195
143.42554407, 542.00605857
142.29320622, 542.61191518
141.16980813, 543.21777179
140.05527921, 543.82362841
138.94954944, 543.82362841
138.94954944, 544.42948502
137.85254934, 544.42948502
136.76421003, 545.03534164
135.68446309, 545.64119825
134.61324071, 546.24705486
133.55047558, 546.85291148
132.49610092, 547.45876809
131.45005051, 548.06462471
130.41225861, 548.67048132
129.38266003, 549.27633793
128.36119008, 549.88219455
127.34778459, 550.48805116
126.34237989, 551.09390777
125.34491281, 551.69976439
124.35532068, 552.305621
123.37354134, 552.91147761
122.39951309, 553.51733423
121.43317476, 554.12319084
120.47446562, 554.72904745
119.52332544, 555.33490406
118.57969447, 555.94076068
117.64351342, 556.54661729
116.71472348, 557.1524739
115.79326629, 557.75833052
114.87908396, 558.36418714
113.97211904, 558.97004376
113.07231459, 559.57590037
112.17961404, 560.18175698
111.29396133, 560.7876136
110.41530078, 561.39347021
109.54357723, 561.99932683
109.54357723, 562.60518344
108.6787359, 562.60518344
108.6787359, 563.21104005
107.82072246, 563.21104005
106.96948298, 563.81689667
106.124964, 564.42275328
105.28711246, 565.0286099
105.28711246, 565.63446651
104.45587571, 565.63446651
104.45587571, 566.24032312
103.63120154, 566.84617974
102.81303813, 567.45203635
102.00133409, 567.45203635
102.00133409, 568.05789297
101.1960384, 568.66374958
100.39710049, 569.26960619
99.60447016, 569.87546281
98.8180976, 570.48131942
98.03793342, 571.08717604
97.2639286, 571.69303265
96.4960345, 572.29888926
95.7342029, 572.90474588
94.97838593, 573.51060249
94.22853609, 574.1164591
93.48460627, 574.72231572
93.48460627, 575.32817233
92.74654975, 575.32817233
92.74654975, 575.93402895
92.01432015, 576.53988556
91.28787147, 577.14574217
90.56715807, 577.75159879
89.85213466, 578.3574554
89.14275633, 578.96331202
88.43897851, 579.56916863
87.74075698, 580.17502524
87.74075698, 580.78088186
87.04804787, 580.78088186
86.36080768, 581.38673847
86.36080768, 581.99259509
85.67899321, 581.99259509
85.00256163, 582.5984517
84.33147045, 583.20430831
84.33147045, 583.81016493
83.6656775, 583.81016493
83.00514095, 584.41602154
83.00514095, 585.02187816
82.34981931, 585.62773477
81.69967141, 586.23359138
81.05465638, 586.839448
80.41473373, 587.44530461
79.77986323, 588.05116123
79.150005, 588.65701784
78.52511947, 589.26287445
77.90516739, 589.86873107
77.2901098, 590.47458768
76.67990806, 591.08044429
76.07452383, 591.68630091
75.47391908, 592.29215752
74.87805608, 592.89801414
74.87805608, 593.50387075
74.28689739, 593.50387075
74.28689739, 594.10972736
73.70040587, 594.71558398
73.11854467, 595.32144059
72.54127723, 595.9272972
71.9685673, 596.53315382
71.9685673, 597.13901043
71.40037887, 597.74486704
70.83667629, 598.35072365
70.2774241, 598.35072365
69.72258718, 598.95658027
69.72258718, 599.56243688
69.17213067, 600.1682935
68.62601998, 600.77415012
68.62601998, 601.38000673
68.08422082, 601.38000673
67.54669913, 601.98586335
67.01342116, 602.59171996
66.48435338, 603.19757657
65.95946257, 603.80343319
65.43871575, 604.4092898
64.9220802, 605.01514642
64.9220802, 605.62100303
64.40952347, 605.62100303
63.90101334, 606.22685964
63.39651788, 606.83271626
63.39651788, 607.43857287
62.89600539, 607.43857287
62.89600539, 608.04442949
62.39944442, 608.6502861
61.90680377, 609.25614271
61.4180525, 609.86199933
60.93315989, 610.46785594
60.4520955, 611.07371255
59.97482908, 611.67956917
59.50133064, 612.28542578
59.03157048, 612.8912824
58.56551903, 613.49713901
58.10314705, 614.10299562
58.10314705, 614.70885224
57.64442546, 615.31470885
57.18932547, 615.92056547
56.73781846, 615.92056547
56.73781846, 616.52642208
56.28987608, 617.13227869
55.84547019, 617.73813531
55.40457286, 618.34399192
54.96715639, 618.94984854
54.5331933, 619.55570515
54.10265633, 620.16156176
53.67551844, 620.76741838
53.25175277, 621.37327499
52.8313327, 621.97913161
52.41423185, 622.58498822
52.00042399, 623.19084483
51.58988311, 623.79670145
51.58988311, 624.40255806
51.18258344, 624.40255806
51.18258344, 625.00841468
50.77849938, 625.61427129
50.37760554, 625.61427129
50.37760554, 626.2201279
49.97987674, 626.2201279
49.58528798, 626.82598452
49.58528798, 627.43184113
49.1938145, 628.03769774
48.80543167, 628.64355436
48.42011511, 629.24941097
48.0378406, 629.85526759
47.65858413, 630.4611242
47.28232188, 631.06698081
46.9090302, 631.67283743
46.53868563, 632.27869404
46.17126492, 632.88455066
46.17126492, 633.49040727
45.80674498, 634.09626388
45.44510291, 634.7021205
45.08631598, 635.30797711
44.73036166, 635.91383373
44.37721758, 636.51969034
44.37721758, 637.12554695
44.02686156, 637.12554695
44.02686156, 637.73140357
43.67927158, 638.33726018
43.33442581, 638.94311679
42.99230258, 639.5489734
42.6528804, 640.15483002
42.6528804, 640.76068663
42.31613793, 640.76068663
41.98205404, 641.36654324
41.98205404, 641.97239987
41.65060772, 642.57825647
41.32177815, 643.18411309
40.99554468, 643.78996971
40.99554468, 644.39582632
40.6718868, 644.39582632
40.6718868, 645.00168294
40.35078419, 645.60753955
40.03221667, 646.21339616
40.03221667, 646.81925278
39.71616422, 647.42510939
39.40260699, 648.030966
39.09152528, 648.63682262
38.78289955, 649.24267923
38.4767104, 649.84853585
38.4767104, 650.45439246
38.1729386, 650.45439246
38.1729386, 651.06024907
37.87156507, 651.66610569
37.57257086, 652.2719623
37.57257086, 652.87781892
37.2759372, 653.48367553
36.98164545, 654.08953214
36.68967712, 654.69538876
36.40001386, 655.30124537
36.40001386, 655.90710199
36.11263748, 656.5129586
35.82752992, 657.11881521
35.54467328, 657.72467183
35.26404978, 658.33052844
34.98564178, 658.93638506
34.98564178, 659.54224167
34.7094318, 659.54224167
34.7094318, 660.14809828
34.7094318, 660.7539549
34.43540249, 660.7539549
34.16353663, 661.35981151
34.16353663, 661.96566813
33.89381713, 661.96566813
33.89381713, 662.57152474
33.62622705, 663.17738135
33.36074959, 663.78323797
33.09736806, 664.38909458
33.09736806, 664.99495119
32.8360659, 664.99495119
32.8360659, 665.60080781
32.8360659, 666.20666442
32.57682673, 666.81252104
32.31963424, 667.41837765
32.06447226, 668.02423426
31.81132478, 668.63009088
31.56017588, 669.23594749
31.56017588, 669.84180411
31.31100979, 670.44766072
31.31100979, 671.05351733
31.06381086, 671.05351733
31.06381086, 671.65937395
30.81856355, 672.26523056
30.57525246, 672.87108718
30.33386229, 673.47694379
30.33386229, 674.0828004
30.09437789, 674.68865702
29.85678421, 675.29451363
29.85678421, 675.90037025
29.62106632, 675.90037025
29.38720941, 676.50622686
29.15519879, 677.11208347
29.15519879, 677.71794009
28.92501988, 677.71794009
28.92501988, 678.3237967
28.92501988, 678.92965332
28.69665822, 679.53550993
28.47009947, 680.14136654
28.47009947, 680.74722315
28.24532939, 681.35307977
28.02233386, 681.35307977
27.80109886, 681.95893638
27.80109886, 682.56479299
27.58161051, 682.56479299
27.58161051, 683.17064961
27.36385501, 683.77650622
27.36385501, 684.38236283
27.14781867, 684.38236283
27.14781867, 684.98821944
26.93348793, 685.59407606
26.72084933, 686.19993268
26.50988949, 686.8057893
26.50988949, 687.41164591
26.30059518, 688.01750252
26.09295323, 688.62335914
25.8869506, 689.22921575
25.68257436, 689.83507237
25.68257436, 690.44092898
25.47981166, 691.04678559
25.27864976, 691.65264221
25.27864976, 692.25849882
25.07907602, 692.86435544
24.8810779, 693.47021205
24.68464298, 694.07606866
24.68464298, 694.68192528
24.4897589, 695.28778189
24.29641341, 695.89363851
24.29641341, 696.49949512
24.10459439, 697.10535173
23.91428976, 697.10535173
23.91428976, 697.71120835
23.72548758, 698.31706496
23.72548758, 698.92292158
23.53817598, 698.92292158
23.53817598, 699.52877819
23.3523432, 700.1346348
23.3523432, 700.74049142
23.16797756, 701.34634803
22.98506748, 701.95220464
22.98506748, 702.55806126
22.80360147, 703.16391787
22.80360147, 703.76977449
22.62356811, 704.3756311
22.44495612, 704.98148771
22.44495612, 705.58734433
22.26775426, 706.19320094
22.26775426, 706.79905756
22.0919514, 707.40491417
22.0919514, 708.01077078
21.9175365, 708.6166274
21.74449859, 709.22248401
21.74449859, 709.82834063
21.5728268, 710.43419724
21.5728268, 711.04005385
21.5728268, 711.64591047
21.40251036, 712.25176708
21.40251036, 712.8576237
21.23353856, 713.46348031
21.23353856, 714.06933692
21.06590078, 714.67519354
21.06590078, 715.28105015
21.06590078, 715.88690677
20.89958649, 716.49276338
20.89958649, 717.09861999
20.73458526, 717.09861999
20.73458526, 717.70447661
20.73458526, 718.31033322
20.57088669, 718.91618984
20.57088669, 719.52204645
20.57088669, 720.12790306
20.40848052, 720.73375968
20.40848052, 721.33961629
20.40848052, 721.9454729
20.24735654, 722.55132952
20.24735654, 723.15718613
20.24735654, 723.76304274
20.08750462, 724.36889936
20.08750462, 724.97475597
20.08750462, 725.58061258
20.08750462, 726.1864692
19.92891473, 726.79232581
19.92891473, 727.39818242
19.92891473, 728.00403904
19.77157689, 728.60989565
19.77157689, 729.21575227
19.61548122, 729.21575227
19.61548122, 729.82160889
19.61548122, 730.4274655
19.61548122, 731.03332211
19.46061794, 731.63917873
19.46061794, 732.24503534
19.46061794, 732.85089196
19.46061794, 733.45674857
19.30697729, 734.06260518
19.30697729, 734.6684618
19.30697729, 735.27431841
19.30697729, 735.88017503
19.15454962, 736.48603164
19.15454962, 737.09188825
19.15454962, 737.69774487
19.00332536, 738.30360148
19.00332536, 738.90945809
19.00332536, 739.51531471
19.00332536, 740.12117132
19.00332536, 740.72702794
18.85329501, 741.33288455
18.85329501, 741.93874116
18.85329501, 742.54459778
18.70444914, 743.15045439
18.70444914, 743.75631101
18.70444914, 744.36216762
18.70444914, 744.96802423
18.55677841, 745.57388085
18.55677841, 746.17973746
18.55677841, 746.78559408
18.55677841, 747.39145069
18.55677841, 747.9973073
18.41027353, 748.60316392
18.41027353, 749.20902053
18.41027353, 749.81487715
18.41027353, 750.42073376
18.26492528, 751.02659037
18.26492528, 751.63244699
18.26492528, 752.2383036
18.26492528, 752.84416022
18.26492528, 753.45001683
18.26492528, 754.05587344
18.26492528, 754.66173006
18.26492528, 755.26758667
18.26492528, 755.87344329
18.26492528, 756.4792999
18.26492528, 757.08515651
18.26492528, 757.69101313
18.12072458, 758.29686974
18.12072458, 758.90272635
18.12072458, 759.50858297
18.12072458, 760.11443958
18.12072458, 760.7202962
18.12072458, 761.32615281
18.12072458, 761.93200942
18.12072458, 762.53786604
18.12072458, 763.14372265
18.12072458, 763.74957927
18.12072458, 764.35543588
18.12072458, 764.96129249
18.26492528, 765.56714911
18.26492528, 766.17300572
18.26492528, 766.77886233
18.26492528, 767.38471895
18.26492528, 767.99057556
18.26492528, 768.59643217
18.41027353, 769.20228878
18.41027353, 769.8081454
18.55677841, 770.41400202
18.55677841, 771.01985863
18.55677841, 771.62571524
18.55677841, 772.23157186
18.55677841, 772.83742848
18.55677841, 773.44328509
18.70444914, 774.0491417
18.70444914, 774.65499832
18.85329501, 775.26085493
18.85329501, 775.86671153
19.00332536, 776.47256816
19.15454962, 777.07842477
19.15454962, 777.68428139
19.15454962, 778.290138
19.30697729, 778.89599461
19.30697729, 779.50185123
19.30697729, 780.10770784
19.30697729, 780.71356446
19.30697729, 781.31942107
19.30697729, 781.92527768
19.46061794, 782.5311343
19.46061794, 783.13699091
19.61548122, 783.74284753
19.61548122, 784.34870414
19.61548122, 784.95456075
19.61548122, 785.56041737
19.61548122, 786.16627398
19.61548122, 786.7721306
19.77157689, 787.37798721
19.92891473, 787.98384382
20.08750462, 788.58970044
20.08750462, 789.19555705
20.08750462, 789.80141367
20.08750462, 790.40727028
20.08750462, 791.01312689
20.08750462, 791.61898351
20.08750462, 792.22484012
20.24735654, 792.83069674
20.40848052, 793.43655335
20.40848052, 794.04240996
20.40848052, 794.64826658
20.40848052, 795.25412319
20.40848052, 795.8599798
20.40848052, 796.46583642
20.57088669, 796.46583642
20.73458526, 797.07169303
20.73458526, 797.67754965
20.73458526, 798.28340626
20.73458526, 798.88926287
20.73458526, 799.49511949
20.73458526, 800.1009761
20.89958649, 800.70683272
20.89958649, 801.31268933
21.06590078, 801.31268933
21.06590078, 801.91854594
21.23353856, 802.52440256
21.23353856, 803.13025917
21.23353856, 803.73611579
21.23353856, 804.3419724
21.23353856, 804.94782901
21.40251036, 804.94782901
21.5728268, 805.55368563
21.5728268, 806.15954224
21.5728268, 806.76539886
21.5728268, 807.37125547
21.5728268, 807.97711208
21.74449859, 807.97711208
21.9175365, 808.5829687
22.0919514, 809.18882531
22.0919514, 809.79468192
22.0919514, 810.40053853
22.0919514, 811.00639515
22.0919514, 811.61225176
22.26775426, 812.21810837
22.44495612, 812.82396499
22.44495612, 813.42982161
22.44495612, 814.03567822
22.44495612, 814.64153484
22.44495612, 815.24739145
22.44495612, 815.85324805
22.62356811, 815.85324805
22.80360147, 816.45910468
22.80360147, 817.06496129
22.80360147, 817.67081791
22.80360147, 818.27667452
22.80360147, 818.88253113
22.98506748, 819.48838775
22.98506748, 820.09424436
23.16797756, 820.09424436
23.16797756, 820.70010098
23.16797756, 821.30595759
23.3523432, 821.9118142
23.3523432, 822.51767082
23.3523432, 823.12352743
23.3523432, 823.72938405
23.3523432, 824.33524066
23.3523432, 824.94109727
23.3523432, 825.54695389
23.3523432, 826.1528105
23.3523432, 826.75866712
23.53817598, 827.36452373
23.53817598, 827.97038034
23.72548758, 828.57623696
23.72548758, 829.18209357
23.72548758, 829.78795019
23.72548758, 830.3938068
23.72548758, 830.99966341
23.72548758, 831.60552003
23.72548758, 832.21137664
23.72548758, 832.81723325
23.72548758, 833.42308987
23.72548758, 834.02894648
23.91428976, 834.6348031
23.91428976, 835.24065971
23.91428976, 835.84651632
24.10459439, 836.45237294
24.10459439, 837.05822955
24.10459439, 837.66408617
24.10459439, 838.26994278
24.29641341, 838.87579939
24.29641341, 839.48165601
24.29641341, 840.08751262
24.29641341, 840.69336924
24.29641341, 841.29922585
24.29641341, 841.90508246
24.29641341, 842.51093908
24.29641341, 843.11679569
24.29641341, 843.72265231
24.4897589, 844.32850892
24.4897589, 844.93436553
24.4897589, 845.54022215
24.68464298, 846.14607876
24.68464298, 846.75193538
24.68464298, 847.35779199
24.68464298, 847.9636486
24.68464298, 848.56950522
24.68464298, 849.17536183
24.68464298, 849.78121844
24.68464298, 850.38707506
24.8810779, 850.99293167
24.8810779, 851.59878829
25.07907602, 852.2046449
25.07907602, 852.81050151
25.07907602, 853.41635812
25.07907602, 854.02221474
25.07907602, 854.62807135
25.07907602, 855.23392797
25.07907602, 855.83978458
25.07907602, 856.4456412
25.27864976, 857.05149781
25.47981166, 857.65735443
25.68257436, 858.26321104
25.68257436, 858.86906764
25.68257436, 859.47492427
25.68257436, 860.08078088
25.68257436, 860.6866375
25.68257436, 861.29249411
25.68257436, 861.89835072
25.68257436, 862.50420734
25.8869506, 863.11006395
26.09295323, 863.71592057
26.09295323, 864.32177718
26.09295323, 864.92763379
26.09295323, 865.53349041
26.09295323, 866.13934702
26.30059518, 866.13934702
26.50988949, 866.74520364
26.50988949, 867.35106025
26.50988949, 867.95691686
26.50988949, 868.56277348
26.50988949, 869.16863009
26.72084933, 869.7744867
26.72084933, 870.38034332
26.93348793, 870.38034332
26.93348793, 870.98619993
27.14781867, 871.59205655
27.14781867, 872.19791316
27.14781867, 872.80376977
27.14781867, 873.40962639
27.14781867, 874.015483
27.14781867, 874.62133962
27.36385501, 875.22719623
27.58161051, 875.83305284
27.58161051, 876.43890946
27.58161051, 877.04476607
27.58161051, 877.65062269
27.80109886, 878.2564793
27.80109886, 878.86233591
28.02233386, 878.86233591
28.02233386, 879.46819253
28.24532939, 880.07404914
28.24532939, 880.67990576
28.24532939, 881.28576237
28.24532939, 881.89161898
28.47009947, 882.4974756
28.69665822, 883.10333221
28.69665822, 883.70918883
28.69665822, 884.31504544
28.69665822, 884.92090205
28.92501988, 885.52675867
28.92501988, 886.13261528
29.15519879, 886.13261528
29.38720941, 886.73847189
29.38720941, 887.34432851
29.62106632, 887.95018512
29.85678421, 888.55604174
29.85678421, 889.16189835
29.85678421, 889.76775496
30.09437789, 890.37361158
30.09437789, 890.97946819
30.09437789, 891.58532481
30.33386229, 892.19118142
30.57525246, 892.79703803
30.57525246, 893.40289465
30.81856355, 894.00875126
31.06381086, 894.61460787
31.06381086, 895.22046449
31.31100979, 895.8263211
31.56017588, 896.43217771
31.81132478, 897.03803433
32.06447226, 897.64389094
32.31963424, 898.24974756
32.57682673, 898.85560416
32.8360659, 899.46146079
33.09736806, 900.0673174
33.36074959, 900.67317402
33.36074959, 901.27903063
33.36074959, 901.88488723
33.62622705, 902.49074386
33.89381713, 903.09660047
34.16353663, 903.70245709
34.43540249, 904.3083137
34.7094318, 904.91417031
34.98564178, 905.52002693
35.26404978, 906.12588354
35.54467328, 906.73174015
35.82752992, 906.73174015
36.11263748, 907.33759677
36.40001386, 907.94345338
36.68967712, 907.94345338
36.98164545, 907.94345338
36.98164545, 908.54931
37.2759372, 908.54931
37.57257086, 908.54931
37.87156507, 909.15516661
37.87156507, 909.76102322
38.1729386, 909.76102322
38.4767104, 910.36687984
38.4767104, 910.97273645
38.78289955, 911.57859307
39.09152528, 912.18444968
39.40260699, 912.18444968
39.71616422, 912.18444968
40.03221667, 912.79030629
40.03221667, 913.39616291
40.35078419, 913.39616291
40.35078419, 914.00201952
40.6718868, 914.60787614
40.99554468, 915.21373275
41.32177815, 915.81958936
41.65060772, 915.81958936
41.65060772, 916.42544598
41.98205404, 916.42544598
42.31613793, 916.42544598
42.6528804, 917.03130259
42.99230258, 917.63715921
43.33442581, 918.24301582
43.67927158, 918.84887243
44.02686156, 919.45472905
44.37721758, 920.06058566
44.73036166, 920.06058566
44.73036166, 920.66644228
45.08631598, 920.66644228
45.44510291, 921.27229889
45.80674498, 921.8781555
46.17126492, 922.48401212
46.53868563, 922.48401212
46.9090302, 923.08986873
47.28232188, 923.69572535
47.65858413, 923.69572535
48.0378406, 924.30158196
48.42011511, 924.90743857
48.80543167, 925.51329519
49.1938145, 926.1191518
49.58528798, 926.1191518
49.58528798, 926.72500841
49.97987674, 926.72500841
50.37760554, 926.72500841
50.77849938, 926.72500841
51.18258344, 927.33086503
51.58988311, 927.93672164
52.00042399, 927.93672164
52.00042399, 928.54257826
52.41423185, 928.54257826
52.8313327, 929.14843487
53.25175277, 929.75429148
53.67551844, 930.3601481
54.10265633, 930.3601481
54.10265633, 930.96600471
54.5331933, 930.96600471
54.96715639, 931.57186133
55.40457286, 931.57186133
55.40457286, 932.17771794
55.84547019, 932.17771794
56.28987608, 932.17771794
56.73781846, 932.78357455
57.18932547, 932.78357455
57.64442546, 932.78357455
58.10314705, 933.38943117
58.56551903, 933.38943117
59.03157048, 933.99528778
59.50133064, 933.99528778
59.97482908, 933.99528778
60.4520955, 933.99528778
60.93315989, 933.99528778
61.4180525, 934.6011444
61.4180525, 935.20700101
61.90680377, 935.20700101
62.39944442, 935.20700101
62.89600539, 935.20700101
63.39651788, 935.20700101
63.90101334, 935.20700101
64.40952347, 935.20700101
64.9220802, 935.81285762
65.43871575, 935.81285762
65.95946257, 936.41871424
66.48435338, 937.02457085
67.01342116, 937.02457085
67.54669913, 937.02457085
68.08422082, 937.63042746
68.62601998, 938.23628408
69.17213067, 938.23628408
69.72258718, 938.23628408
70.2774241, 938.23628408
70.83667629, 938.23628408
71.40037887, 938.23628408
71.9685673, 938.84214069
72.54127723, 938.84214069
73.11854467, 939.4479973
73.70040587, 939.4479973
74.28689739, 940.05385391
74.87805608, 940.05385391
75.47391908, 940.05385391
76.07452383, 940.05385391
76.67990806, 940.05385391
77.2901098, 940.05385391
77.90516739, 940.05385391
78.52511947, 940.05385391
79.150005, 940.65971053
79.77986323, 940.65971053
80.41473373, 941.26556714
81.05465638, 941.26556714
81.69967141, 941.26556714
82.34981931, 941.26556714
83.00514095, 941.26556714
83.6656775, 941.26556714
84.33147045, 941.26556714
85.00256163, 941.87142375
85.67899321, 941.87142375
86.36080768, 941.87142375
87.04804787, 941.87142375
87.74075698, 942.47728038
88.43897851, 942.47728038
89.14275633, 942.47728038
89.85213466, 942.47728038
90.56715807, 942.47728038
91.28787147, 942.47728038
92.01432015, 942.47728038
92.74654975, 942.47728038
93.48460627, 942.47728038
94.22853609, 942.47728038
94.97838593, 943.08313699
95.7342029, 943.08313699
96.4960345, 943.08313699
97.2639286, 943.08313699
98.03793342, 943.08313699
98.8180976, 943.68899359
99.60447016, 943.68899359
100.39710049, 943.68899359
101.1960384, 943.68899359
102.00133409, 943.68899359
102.81303813, 944.29485022
103.63120154, 944.29485022
104.45587571, 944.29485022
105.28711246, 944.29485022
106.124964, 944.29485022
106.96948298, 944.29485022
107.82072246, 944.29485022
108.6787359, 944.29485022
109.54357723, 944.29485022
110.41530078, 944.29485022
111.29396133, 944.29485022
112.17961404, 944.29485022
113.07231459, 944.29485022
113.97211904, 944.29485022
114.87908396, 944.29485022
115.79326629, 944.29485022
116.71472348, 944.29485022
117.64351342, 944.29485022
118.57969447, 944.29485022
119.52332544, 944.29485022
120.47446562, 944.90070682
121.43317476, 944.90070682
122.39951309, 944.90070682
123.37354134, 944.90070682
124.35532068, 944.90070682
125.34491281, 944.90070682
126.34237989, 944.90070682
127.34778459, 945.50656345
128.36119008, 945.50656345
129.38266003, 945.50656345
130.41225861, 945.50656345
131.45005051, 945.50656345
132.49610092, 945.50656345
133.55047558, 945.50656345
134.61324071, 945.50656345
135.68446309, 945.50656345
136.76421003, 945.50656345
137.85254934, 945.50656345
138.94954944, 945.50656345
140.05527921, 945.50656345
141.16980813, 945.50656345
142.29320622, 945.50656345
143.42554407, 946.11242006
144.56689282, 946.11242006
145.71732416, 946.11242006
146.87691039, 946.11242006
148.04572434, 946.11242006
149.22383946, 946.11242006
150.41132975, 946.11242006
151.60826983, 946.11242006
152.8147349, 946.11242006
154.03080075, 946.11242006
155.25654377, 946.71827666
156.492041, 946.71827666
157.73737003, 946.71827666
158.99260912, 946.71827666
160.25783712, 946.71827666
161.53313353, 946.71827666
162.81857846, 946.71827666
164.11425269, 946.71827666
165.4202376, 946.71827666
166.73661524, 947.32413329
168.06346834, 947.32413329
169.40088023, 947.32413329
170.74893495, 947.32413329
172.10771719, 947.32413329
173.47731232, 947.32413329
174.85780639, 947.32413329
176.24928612, 947.32413329
177.65183894, 947.32413329
179.06555297, 947.32413329
180.49051702, 947.32413329
181.92682062, 947.32413329
183.374554, 947.32413329
184.83380812, 947.32413329
186.30467467, 947.32413329
187.78724605, 947.32413329
189.2816154, 947.32413329
190.78787661, 947.32413329
192.30612432, 947.32413329
193.83645391, 947.32413329
195.37896152, 947.32413329
196.93374406, 947.32413329
198.50089922, 947.32413329
200.08052546, 947.32413329
201.67272201, 947.32413329
203.2775889, 947.9299899
204.89522698, 947.9299899
206.52573786, 947.9299899
208.16922398, 947.9299899
209.8257886, 947.9299899
211.4955358, 947.9299899
213.17857048, 947.9299899
214.87499837, 947.9299899
216.58492606, 948.53584652
218.30846098, 948.53584652
220.04571141, 948.53584652
221.79678649, 948.53584652
223.56179624, 948.53584652
225.34085155, 948.53584652
227.13406418, 948.53584652
228.94154681, 948.53584652
230.76341298, 948.53584652
232.59977716, 948.53584652
234.45075472, 948.53584652
236.31646194, 948.53584652
238.19701606, 948.53584652
240.09253521, 948.53584652
242.00313848, 948.53584652
243.92894591, 948.53584652
245.87007849, 948.53584652
247.82665817, 948.53584652
249.79880788, 948.53584652
251.78665152, 948.53584652
253.79031398, 948.53584652
255.80992114, 948.53584652
257.84559989, 948.53584652
259.89747812, 948.53584652
261.96568474, 948.53584652
264.0503497, 949.14170313
266.15160395, 949.14170313
268.26957953, 949.14170313
270.40440948, 949.14170313
272.55622793, 949.14170313
274.72517009, 949.14170313
276.91137221, 949.14170313
279.11497164, 949.14170313
281.33610682, 949.14170313
283.57491731, 949.14170313
285.83154375, 949.14170313
288.10612793, 949.14170313
290.39881275, 949.74755974
292.70974225, 949.74755974
295.03906161, 949.74755974
297.38691718, 949.74755974
299.75345646, 949.74755974
302.13882814, 949.74755974
304.54318208, 949.74755974
306.96666934, 950.35341636
309.40944217, 950.35341636
311.87165405, 950.35341636
314.35345966, 950.35341636
316.85501494, 950.35341636
319.37647704, 950.35341636
321.91800437, 950.35341636
324.47975662, 950.35341636
327.06189473, 950.35341636
329.66458092, 950.35341636
332.28797871, 950.35341636
334.93225292, 950.35341636
337.59756967, 950.35341636
340.28409644, 950.35341636
342.99200198, 950.35341636
345.72145643, 950.35341636
348.47263129, 950.35341636
351.24569939, 950.35341636
354.04083494, 950.35341636
356.85821357, 950.35341636
359.69801227, 950.35341636
362.56040946, 950.35341636
365.44558498, 950.35341636
368.35372008, 950.35341636
371.28499748, 950.35341636
374.23960133, 950.95927297
377.21771727, 950.95927297
380.2195324, 950.95927297
383.24523531, 950.95927297
386.29501609, 950.95927297
389.36906635, 950.95927297
392.46757923, 951.56512959
395.59074938, 951.56512959
398.73877303, 951.56512959
401.91184796, 951.56512959
405.11017352, 951.56512959
408.33395064, 951.56512959
411.58338187, 951.56512959
414.85867135, 951.56512959
418.16002486, 951.56512959
421.48764981, 951.56512959
424.84175527, 951.56512959
428.22255195, 951.56512959
431.63025227, 951.56512959
435.06507031, 951.56512959
438.52722187, 951.56512959
442.01692447, 951.56512959
445.53439734, 951.56512959
449.0798615, 951.56512959
452.65353967, 951.56512959
456.25565638, 951.56512959
459.88643794, 951.56512959
463.54611244, 951.56512959
467.23490985, 951.56512959
470.95306188, 951.56512959
474.70080213, 951.56512959
478.47836608, 951.56512959
482.28599105, 952.1709862
486.12391625, 952.1709862
489.99238281, 952.1709862
493.89163376, 952.1709862
497.82191411, 952.1709862
501.78347075, 952.1709862
505.77655258, 952.1709862
509.80141047, 952.1709862
513.85829728, 952.77684281
517.94746792, 952.77684281
522.06917927, 952.77684281
526.22369028, 952.77684281
530.41126197, 952.77684281
534.63215743, 952.77684281
538.88664184, 952.77684281
543.17498249, 952.77684281
547.49744882, 952.77684281
551.85431237, 952.77684281
556.24584688, 952.77684281
560.67232825, 952.77684281
565.13403458, 952.77684281
569.63124618, 952.77684281
574.16424559, 952.77684281
578.73331762, 952.77684281
583.3387493, 953.38269943
587.98082999, 953.38269943
592.65985134, 953.38269943
597.3761073, 953.38269943
602.12989418, 953.38269943
606.92151064, 953.38269943
611.75125772, 953.38269943
616.61943888, 953.38269943
621.52635993, 953.38269943
626.47232918, 953.38269943
631.45765736, 953.38269943
636.48265767, 953.38269943
641.54764583, 953.38269943
646.65294004, 953.38269943
651.79886105, 953.38269943
656.98573216, 953.98855604
662.21387925, 953.98855604
667.48363077, 953.98855604
672.79531781, 953.98855604
678.14927408, 953.98855604
683.54583594, 953.98855604
688.98534247, 953.98855604
694.46813537, 953.98855604
699.99455912, 953.98855604
705.56496094, 953.98855604
711.17969078, 953.98855604
716.8391014, 953.98855604
722.54354835, 954.59441266
728.29339003, 954.59441266
734.08898768, 954.59441266
739.93070542, 954.59441266
745.81891025, 954.59441266
751.7539721, 954.59441266
757.73626388, 954.59441266
763.7661614, 954.59441266
769.84404352, 954.59441266
775.97029207, 954.59441266
782.14529196, 954.59441266
788.36943113, 954.59441266
794.64310062, 954.59441266
800.96669458, 954.59441266
807.34061031, 954.59441266
813.76524824, 954.59441266
820.24101203, 954.59441266
826.76830851, 954.59441266
833.34754777, 954.59441266
839.97914316, 955.20026927
846.66351132, 955.20026927
853.4010722, 955.20026927
860.1922491, 955.20026927
867.03746869, 955.20026927
873.93716101, 955.20026927
880.89175957, 955.20026927
887.90170127, 955.20026927
894.96742654, 955.20026927
902.0893793, 955.80612588
909.26800697, 955.80612588
916.50376058, 955.80612588
923.79709471, 955.80612588
931.14846759, 955.80612588
938.55834106, 955.80612588
946.02718066, 955.80612588
953.55545564, 955.80612588
961.14363896, 955.80612588
968.79220736, 955.80612588
976.50164139, 955.80612588
984.27242538, 955.80612588
992.10504755, 955.80612588
1000.0, 955.80612588
1007.95777873, 955.80612588
1015.9788837, 955.80612588
1024.06381886, 955.80612588
1032.21309213, 955.80612588
1040.42721552, 955.80612588
1048.70670509, 955.80612588
1057.052081, 955.80612588
1065.46386757, 955.80612588
1073.94259327, 955.80612588
1082.4887908, 956.4119825
1091.10299707, 956.4119825
1099.7857533, 956.4119825
1108.53760496, 956.4119825
1117.35910195, 957.01783911
1126.25079844, 957.01783911
1135.21325309, 957.01783911
1144.24702897, 957.01783911
1153.35269364, 957.01783911
1162.53081918, 957.01783911
1171.78198221, 957.01783911
1181.10676394, 957.01783911
1190.50575022, 957.01783911
1199.97953155, 957.01783911
1209.52870316, 957.01783911
1219.15386494, 957.62369573
1228.85562163, 957.62369573
1238.63458277, 957.62369573
1248.49136271, 957.62369573
1258.42658072, 957.62369573
1268.440861, 957.62369573
1278.5348327, 957.62369573
1288.70913, 957.62369573
1298.9643921, 957.62369573
1309.30126332, 957.62369573
1319.72039306, 957.62369573
1330.22243594, 957.62369573
1340.80805174, 957.62369573
1351.47790554, 957.62369573
1362.23266767, 957.62369573
1373.07301382, 957.62369573
1383.99962505, 957.62369573
1395.01318782, 957.62369573
1406.1143941, 957.62369573
1417.30394132, 958.22955234
1428.58253248, 958.22955234
1439.95087617, 958.22955234
1451.40968663, 958.22955234
1462.95968375, 958.22955234
1474.6015932, 958.83540895
1486.33614641, 958.83540895
1498.16408058, 958.83540895
1510.08613884, 958.83540895
1522.10307019, 958.83540895
1534.21562963, 958.83540895
1546.42457814, 958.83540895
1558.73068275, 958.83540895
1571.13471663, 958.83540895
1583.63745905, 958.83540895
1596.23969555, 958.83540895
1608.94221785, 958.83540895
1621.74582401, 958.83540895
1634.65131843, 958.83540895
1647.65951192, 958.83540895
1660.77122175, 958.83540895
1673.98727164, 958.83540895
1687.30849196, 958.83540895
1700.73571959, 958.83540895
1714.26979812, 958.83540895
1727.91157786, 958.83540895
1741.66191586, 958.83540895
1755.52167601, 958.83540895
1769.49172906, 958.83540895
1783.57295271, 958.83540895
1797.76623162, 959.44126557
1812.0724575, 959.44126557
1826.49252916, 959.44126557
1841.02735256, 959.44126557
1855.67784087, 959.44126557
1870.44491452, 959.44126557
1885.32950128, 959.44126557
1900.33253629, 959.44126557
1915.45496213, 960.04712218
1930.69772888, 960.04712218
1946.06179421, 960.04712218
1961.54812336, 960.04712218
1977.1576893, 960.04712218
1992.8914727, 960.04712218
2008.75046208, 960.04712218
2024.73565378, 960.04712218
2040.84805209, 960.04712218
2057.08866932, 960.04712218
2073.45852578, 960.04712218
2089.95864994, 960.04712218
2106.59007843, 960.04712218
2123.35385615, 960.04712218
2140.2510363, 960.6529788
2157.28268048, 960.6529788
2174.44985871, 960.6529788
2191.75364955, 960.6529788
2209.19514012, 960.6529788
2226.77542622, 960.6529788
2244.49561234, 960.6529788
2262.35681179, 960.6529788
2280.36014671, 960.6529788
2298.50674818, 960.6529788
2316.79775629, 960.6529788
2335.2343202, 961.25883541
2353.8175982, 961.25883541
2372.54875783, 961.25883541
2391.42897587, 961.25883541
2410.45943851, 961.25883541
2429.64134136, 961.25883541
2448.97588955, 961.25883541
2468.4642978, 961.25883541
2488.10779048, 961.25883541
2507.90760174, 961.25883541
2527.8649755, 961.25883541
2547.98116564, 961.86469202
2568.25743597, 961.86469202
2588.69506037, 961.86469202
2609.29532286, 961.86469202
2630.05951768, 961.86469202
2650.98894937, 961.86469202
2672.08493285, 961.86469202
2693.3487935, 961.86469202
2714.78186724, 961.86469202
2736.38550064, 961.86469202
2758.16105098, 961.86469202
2780.10988632, 961.86469202
2802.23338565, 961.86469202
2824.53293888, 961.86469202
2847.00994703, 961.86469202
2869.66582222, 961.86469202
2892.50198787, 961.86469202
2915.51987867, 961.86469202
2938.72094075, 962.47054864
2962.10663175, 962.47054864
2985.67842089, 962.47054864
3009.43778913, 962.47054864
3033.38622916, 962.47054864
3057.52524558, 962.47054864
3081.85635495, 962.47054864
3106.3810859, 962.47054864
3131.10097924, 962.47054864
3156.01758801, 963.07640525
3181.13247765, 963.07640525
3206.44722602, 963.07640525
3231.96342355, 963.07640525
3257.68267334, 963.07640525
3283.60659123, 963.07640525
3309.73680593, 963.07640525
3336.07495908, 963.07640525
3362.62270544, 963.07640525
3389.38171288, 963.07640525
3416.35366258, 963.07640525
3443.5402491, 963.07640525
3470.94318044, 963.07640525
3498.56417827, 963.07640525
3526.40497787, 963.07640525
3554.4673284, 963.07640525
3582.75299291, 963.07640525
3611.26374847, 963.07640525
3640.00138632, 963.07640525
3668.96771193, 963.07640525
3698.16454515, 963.07640525
3727.59372031, 963.68226186
3757.25708634, 963.68226186
3787.15650687, 963.68226186
3817.29386037, 963.68226186
3847.67104026, 963.68226186
3878.28995502, 963.68226186
3909.15252834, 963.68226186
3940.26069919, 963.68226186
3971.61642197, 963.68226186
4003.22166666, 963.68226186
4035.07841889, 964.28811848
4067.18868011, 964.28811848
4099.55446768, 964.28811848
4132.17781503, 964.28811848
4165.06077176, 964.89397509
4198.20540378, 964.89397509
4231.61379345, 964.89397509
4265.28803969, 964.89397509
4299.23025814, 964.89397509
4333.44258124, 964.89397509
4367.92715844, 964.89397509
4402.68615628, 964.89397509
4437.72175854, 964.89397509
4473.03616636, 964.89397509
4508.63159843, 964.89397509
4544.51029106, 964.89397509
4580.6744984, 964.89397509
4617.1264925, 964.89397509
4653.86856349, 964.89397509
4690.90301975, 964.89397509
4728.23218804, 964.89397509
4765.85841358, 964.89397509
4803.7840603, 964.89397509
4842.01151092, 964.89397509
4880.54316714, 965.49983171
4919.38144975, 965.49983171
4958.52879882, 965.49983171
4997.98767382, 965.49983171
5037.76055383, 965.49983171
5077.84993762, 965.49983171
5118.25834385, 965.49983171
5158.98831124, 966.10568832
5200.04239869, 966.10568832
5241.42318549, 966.10568832
5283.13327144, 966.10568832
5325.17527701, 966.10568832
5367.55184357, 966.10568832
5410.26563347, 966.10568832
5453.31933025, 966.10568832
5496.71563883, 966.10568832
5540.45728562, 966.10568832
5584.54701878, 966.10568832
5628.98760826, 966.10568832
5673.78184613, 966.10568832
5718.93254663, 966.10568832
5764.44254641, 966.10568832
5810.3147047, 966.10568832
5856.55190347, 966.10568832
5903.15704765, 966.10568832
5950.13306524, 966.10568832
5997.48290759, 966.10568832
6045.20954951, 966.10568832
6093.31598949, 966.10568832
6141.80524987, 966.71154493
6190.68037706, 966.71154493
6239.94444169, 966.71154493
6289.60053885, 966.71154493
6339.65178824, 966.71154493
6390.1013344, 966.71154493
6440.95234688, 966.71154493
6492.20802048, 966.71154493
6543.87157538, 966.71154493
6595.94625742, 967.31740155
6648.43533825, 967.31740155
6701.34211558, 967.31740155
6754.66991334, 967.31740155
6808.42208191, 967.31740155
6862.60199834, 967.31740155
6917.21306656, 967.92325816
6972.25871758, 967.92325816
7027.7424097, 967.92325816
7083.66762878, 967.92325816
7140.03788837, 967.92325816
7196.85673001, 967.92325816
7254.12772343, 967.92325816
7311.85446673, 967.92325816
7370.04058669, 967.92325816
7428.68973892, 967.92325816
7487.80560812, 967.92325816
7547.39190832, 967.92325816
7607.45238312, 967.92325816
7667.99080588, 967.92325816
7729.01098004, 967.92325816
7790.51673922, 967.92325816
7852.51194762, 967.92325816
7915.00050019, 967.92325816
7977.98632282, 968.52911478
8041.4733727, 968.52911478
8105.46563847, 968.52911478
8169.96714053, 968.52911478
8234.98193127, 968.52911478
8300.51409533, 968.52911478
8366.56774985, 968.52911478
8433.14704474, 968.52911478
8500.25616292, 968.52911478
8567.89932062, 968.52911478
8636.0807676, 968.52911478
8704.80478745, 969.13497139
8774.07569784, 969.13497139
8843.89785081, 969.13497139
8914.27563303, 969.13497139
8985.21346606, 969.13497139
9056.71580667, 969.13497139
9128.78714709, 969.13497139
9201.43201528, 969.13497139
9274.65497527, 969.13497139
9348.46062736, 969.13497139
9422.85360851, 969.13497139
9497.83859254, 969.13497139
9573.42029048, 969.13497139
9649.60345084, 969.13497139
9726.39285994, 969.13497139
9803.79334216, 969.13497139
9881.80976031, 969.13497139
9960.44701584, 969.13497139
10039.71004925, 969.740828
10119.60384035, 969.740828
10200.13340855, 969.740828
10281.30381324, 969.740828
10363.12015405, 969.740828
10445.58757119, 969.740828
10528.7112458, 969.740828
10612.49640021, 970.34668462
10696.94829834, 970.34668462
10782.07224599, 970.34668462
10867.87359119, 970.34668462
10954.3577245, 970.34668462
11041.53007941, 970.34668462
11129.39613262, 970.34668462
11217.96140446, 970.34668462
11307.23145912, 970.34668462
11397.21190512, 970.34668462
11487.90839561, 970.34668462
11579.32662871, 970.34668462
11671.47234787, 970.34668462
11764.35134228, 970.34668462
11857.96944717, 970.34668462
11952.33254422, 970.34668462
12047.44656193, 970.95254123
12143.31747594, 970.95254123
12239.95130947, 970.95254123
12337.35413366, 970.95254123
12435.53206797, 970.95254123
12534.49128058, 970.95254123
12634.23798869, 970.95254123
12734.77845903, 970.95254123
12836.1190082, 970.95254123
12938.26600301, 970.95254123
13041.22586103, 970.95254123
13145.00505081, 970.95254123
13249.61009242, 970.95254123
13355.04755781, 970.95254123
13461.32407121, 970.95254123
13568.44630959, 970.95254123
13676.42100304, 971.55839785
13785.25493521, 971.55839785
13894.95494373, 971.55839785
14005.52792065, 971.55839785
14116.98081285, 971.55839785
14229.3206225, 971.55839785
14342.5544075, 972.16425446
14456.68928191, 972.16425446
14571.73241639, 972.16425446
14687.69103869, 972.16425446
14804.57243404, 972.16425446
14922.38394567, 972.16425446
15041.13297524, 972.16425446
15160.82698332, 972.16425446
15281.47348983, 972.16425446
15403.08007454, 972.16425446
15525.65437754, 972.16425446
15649.20409973, 972.16425446
15773.73700327, 972.16425446
15899.26091209, 972.16425446
16025.78371241, 972.16425446
16153.31335318, 972.16425446
16281.85784662, 972.16425446
16411.42526868, 972.16425446
16542.02375963, 972.77011107
16673.66152445, 972.77011107
16806.34683351, 972.77011107
16940.08802288, 972.77011107
17074.89349504, 972.77011107
17210.77171933, 972.77011107
17347.73123245, 973.37596769
17485.78063908, 973.37596769
17624.92861234, 973.37596769
17765.18389438, 973.37596769
17906.55529692, 973.37596769
18049.05170181, 973.37596769
18192.68206155, 973.37596769
18337.45539991, 973.37596769
18483.38081247, 973.37596769
18630.46746717, 973.37596769
18778.72460492, 973.37596769
18928.16154017, 973.37596769
19078.78766149, 973.37596769
19230.61243215, 973.37596769
19383.64539073, 973.37596769
19537.89615175, 973.37596769
19693.37440619, 973.37596769
19850.08992218, 973.37596769
20008.05254556, 973.37596769
20167.27220055, 973.37596769
20327.75889032, 973.37596769
20489.52269767, 973.37596769
20652.57378559, 973.37596769
20816.922398, 973.37596769
20982.57886029, 973.9818243
21149.55358006, 973.9818243
21317.85704771, 973.9818243
21487.4998371, 973.9818243
21658.49260628, 973.9818243
21830.84609809, 973.9818243
22004.57114084, 973.9818243
22179.67864904, 973.9818243
22356.17962405, 973.9818243
22534.08515476, 973.9818243
22713.40641832, 974.58768092
22894.15468082, 974.58768092
23076.34129799, 974.58768092
23259.97771596, 974.58768092
23445.0754719, 974.58768092
23631.64619483, 974.58768092
23819.70160629, 974.58768092
24009.2535211, 974.58768092
24200.31384812, 975.19353753
24392.89459093, 975.19353753
24587.00784869, 975.19353753
24782.6658168, 975.19353753
24979.88078773, 975.19353753
25178.66515175, 975.19353753
25379.03139777, 975.19353753
25580.99211403, 975.19353753
25784.55998898, 975.19353753
25989.74781204, 975.19353753
26196.5684744, 975.19353753
26405.03496982, 975.19353753
26615.16039549, 975.19353753
26826.9579528, 975.19353753
27040.4409482, 975.19353753
27255.62279405, 975.19353753
27472.51700941, 975.19353753
27691.13722095, 975.79939414
27911.49716375, 975.79939414
28133.61068223, 975.79939414
28357.49173093, 975.79939414
28583.15437548, 975.79939414
28810.61279343, 975.79939414
29039.88127513, 975.79939414
29270.97422469, 976.40525076
29503.90616079, 976.40525076
29738.69171772, 976.40525076
29975.34564614, 976.40525076
30213.88281418, 976.40525076
30454.3182082, 976.40525076
30696.6669339, 976.40525076
30940.94421713, 976.40525076
31187.16540493, 976.40525076
31435.34596646, 976.40525076
31685.50149398, 976.40525076
31937.64770384, 976.40525076
32191.80043745, 976.40525076
32447.97566227, 976.40525076
32706.18947285, 976.40525076
32966.4580918, 976.40525076
33228.79787083, 976.40525076
33493.22529178, 976.40525076
33759.75696763, 976.40525076
34028.40964358, 976.40525076
34299.20019808, 976.40525076
34572.14564389, 976.40525076
34847.26312917, 976.40525076
35124.56993852, 977.01110737
35404.08349411, 977.01110737
35685.82135672, 977.01110737
35969.8012269, 977.01110737
36256.04094605, 977.01110737
36544.55849755, 977.01110737
36835.37200788, 977.01110737
37128.49974777, 977.61696399
37423.96013338, 977.61696399
37721.77172735, 977.61696399
38021.95324008, 977.61696399
38324.52353088, 977.61696399
38629.50160909, 977.61696399
38936.90663538, 977.61696399
39246.75792284, 977.61696399
39559.07493828, 977.61696399
39873.87730343, 977.61696399
40191.18479615, 977.61696399
40511.01735168, 977.61696399
40833.39506392, 977.61696399
41158.33818665, 977.61696399
41485.86713488, 977.61696399
41816.00248599, 977.61696399
42148.76498117, 978.2228206
42484.17552667, 978.2228206
42822.25519506, 978.2228206
43163.02522665, 978.2228206
43506.50703076, 978.2228206
43852.72218705, 978.2228206
44201.69244695, 978.2228206
44553.43973497, 978.2228206
44907.98615006, 978.2228206
45265.3539671, 978.2228206
45625.56563813, 978.2228206
45988.64379394, 978.2228206
46354.61124538, 978.2228206
46723.49098482, 978.2228206
47095.3061876, 978.2228206
47470.0802135, 978.2228206
47847.83660816, 978.2228206
48228.59910464, 978.82867721
48612.3916248, 978.82867721
48999.23828092, 978.82867721
49389.16337713, 978.82867721
49782.19141098, 978.82867721
50178.34707496, 978.82867721
50577.65525806, 979.43453383
50980.14104732, 979.43453383
51385.82972943, 979.43453383
51794.74679231, 979.43453383
52206.9179267, 979.43453383
52622.36902777, 979.43453383
53041.12619678, 979.43453383
53463.21574268, 979.43453383
53888.66418379, 979.43453383
54317.49824946, 979.43453383
54749.74488173, 979.43453383
55185.43123706, 979.43453383
55624.58468801, 979.43453383
56067.23282494, 979.43453383
56513.4034578, 979.43453383
56963.12461784, 979.43453383
57416.42455936, 979.43453383
57873.33176151, 979.43453383
58333.87493007, 979.43453383
58798.08299927, 979.43453383
59265.98513357, 979.43453383
59737.61072952, 980.04039044
60212.9894176, 980.04039044
60692.1510641, 980.04039044
61175.12577296, 980.04039044
61661.94388769, 980.04039044
62152.63599324, 980.04039044
62647.23291801, 980.04039044
63145.76573566, 980.04039044
63648.26576717, 980.04039044
64154.76458274, 980.64624705
64665.29400381, 980.64624705
65179.88610504, 980.64624705
65698.57321636, 980.64624705
66221.38792494, 980.64624705
66748.36307729, 980.64624705
67279.53178129, 980.64624705
67814.92740831, 980.64624705
68354.58359526, 980.64624705
68898.53424674, 980.64624705
69446.81353715, 980.64624705
69999.45591283, 980.64624705
70556.49609425, 980.64624705
71117.96907818, 980.64624705
71683.91013989, 980.64624705
72254.35483533, 980.64624705
72829.33900344, 980.64624705
73408.89876833, 980.64624705
73993.07054159, 980.64624705
74581.89102457, 980.64624705
75175.39721066, 980.64624705
75773.62638764, 980.64624705
76376.61614007, 980.64624705
76984.40435151, 980.64624705
77597.02920705, 981.25210367
78214.52919564, 981.25210367
78836.94311251, 981.25210367
79464.3100616, 981.25210367
80096.66945806, 981.25210367
80734.06103067, 981.25210367
81376.52482439, 981.25210367
82024.10120281, 981.25210367
82676.83085077, 981.25210367
83334.75477683, 981.25210367
83997.91431592, 981.25210367
84666.35113189, 981.25210367
85340.10722013, 981.85796028
86019.22491024, 981.85796028
86703.74686867, 981.85796028
87393.71610137, 981.85796028
88089.17595656, 981.85796028
88790.17012739, 981.85796028
89496.74265472, 981.85796028
90208.93792989, 981.85796028
90926.80069747, 981.85796028
91650.37605811, 981.85796028
92379.70947136, 981.85796028
93114.84675854, 982.46381689
93855.83410559, 982.46381689
94602.71806599, 982.46381689
95355.54556367, 982.46381689
96114.36389601, 982.46381689
96879.22073674, 982.46381689
97650.16413897, 982.46381689
98427.2425382, 982.46381689
99210.5047554, 982.46381689
100000.0, 982.46381689
100795.77787307, 982.46381689
101597.88837037, 982.46381689
102406.38188553, 982.46381689
103221.30921319, 982.46381689
104042.7215522, 982.46381689
104870.67050885, 982.46381689
105705.2081001, 982.46381689
106546.38675683, 982.46381689
107394.25932721, 982.46381689
108248.87907988, 982.46381689
109110.29970744, 982.46381689
109978.57532976, 982.46381689
110853.76049735, 982.46381689
111735.91019484, 982.46381689
112625.07984445, 982.46381689
113521.32530938, 983.0696735
114424.7028974, 983.0696735
115335.26936439, 983.0696735
116253.08191784, 983.0696735
117178.19822051, 983.0696735
118110.67639401, 983.0696735
119050.57502248, 983.0696735
119997.95315627, 983.0696735
120952.87031563, 983.0696735
121915.38649443, 983.0696735
122885.56216403, 983.0696735
123863.45827693, 983.67553012
124849.13627072, 983.67553012
125842.65807188, 983.67553012
126844.0860997, 983.67553012
127853.48327017, 983.67553012
128870.91299998, 983.67553012
129896.43921047, 983.67553012
130930.12633161, 983.67553012
131972.03930614, 983.67553012
133022.24359357, 983.67553012
134080.80517435, 983.67553012
135147.79055396, 983.67553012
136223.26676713, 983.67553012
137307.30138204, 983.67553012
138399.96250455, 983.67553012
139501.3187825, 983.67553012
140611.43941001, 983.67553012
141730.39413184, 983.67553012
142858.25324774, 983.67553012
143995.08761695, 983.67553012
145140.96866251, 983.67553012
146295.96837589, 983.67553012
147460.15932142, 983.67553012
148633.61464089, 983.67553012
149816.40805815, 983.67553012
151008.6138837, 984.28138674
152210.30701942, 984.28138674
153421.56296321, 984.28138674
154642.45781378, 984.28138674
155873.06827544, 984.28138674
157113.47166285, 984.28138674
158363.74590596, 984.28138674
159623.96955484, 984.28138674
160894.22178467, 984.28138674
162174.58240068, 984.28138674
163465.13184317, 984.28138674
164765.95119256, 984.28138674
166077.12217451, 984.88724334
167398.72716499, 984.88724334
168730.84919558, 984.88724334
170073.57195852, 984.88724334
171426.97981211, 984.88724334
172791.15778592, 984.88724334
174166.19158621, 984.88724334
175552.16760121, 984.88724334
176949.17290668, 984.88724334
178357.29527124, 984.88724334
179776.62316203, 984.88724334
181207.2457501, 984.88724334
182649.25291618, 984.88724334
184102.73525622, 984.88724334
185567.7840871, 984.88724334
187044.49145241, 984.88724334
188532.95012819, 984.88724334
190033.25362875, 984.88724334
191545.4962126, 984.88724334
193069.77288831, 985.49309997
194606.17942056, 985.49309997
196154.81233601, 985.49309997
197715.76892954, 985.49309997
199289.14727025, 985.49309997
200875.04620766, 985.49309997
202473.5653779, 985.49309997
204084.80520999, 985.49309997
205708.86693215, 985.49309997
207345.85257813, 985.49309997
208995.86499368, 985.49309997
210659.00784293, 985.49309997
212335.38561497, 985.49309997
214025.1036304, 985.49309997
215728.2680479, 985.49309997
217444.98587098, 985.49309997
219175.36495464, 985.49309997
220919.51401217, 985.49309997
222677.54262197, 985.49309997
224449.56123445, 985.49309997
226235.68117896, 985.49309997
228036.01467077, 985.49309997
229850.67481815, 985.49309997
231679.77562945, 985.49309997
233523.43202029, 985.49309997
235381.75982073, 986.09895658
237254.87578264, 986.09895658
239142.89758689, 986.09895658
241045.94385091, 986.09895658
242964.13413601, 986.09895658
244897.58895496, 986.09895658
246846.42977954, 986.70481318
248810.77904819, 986.70481318
250790.76017367, 986.70481318
252786.49755083, 986.70481318
254798.11656445, 986.70481318
256825.74359706, 986.70481318
258869.50603695, 986.70481318
260929.53228613, 986.70481318
263005.95176836, 986.70481318
265098.89493739, 986.70481318
267208.49328506, 986.70481318
269334.87934958, 986.70481318
271478.18672391, 986.70481318
273638.55006406, 986.70481318
275816.10509766, 986.70481318
278010.98863239, 986.70481318
280223.33856463, 986.70481318
282453.29388811, 986.70481318
284700.99470262, 986.70481318
286966.58222288, 986.70481318
289250.19878731, 986.70481318
291551.98786707, 986.70481318
293872.09407501, 986.70481318
296210.66317479, 986.70481318
298567.84209001, 986.70481318
300943.77891346, 986.70481318
303338.62291643, 986.70481318
305752.52455808, 986.70481318
308185.63549486, 986.70481318
310638.10859011, 986.70481318
313110.09792359, 986.70481318
315601.75880121, 986.70481318
318113.24776477, 986.70481318
320644.72260179, 986.70481318
323196.34235542, 987.31066981
325768.26733445, 987.31066981
328360.65912338, 987.31066981
330973.68059255, 987.31066981
333607.49590838, 987.31066981
336262.27054373, 987.31066981
338938.1712882, 987.91652641
341635.3662587, 987.91652641
344354.02490997, 987.91652641
347094.31804523, 987.91652641
349856.41782691, 987.91652641
352640.49778748, 987.91652641
355446.73284037, 987.91652641
358275.29929086, 987.91652641
361126.37484729, 987.91652641
364000.13863215, 987.91652641
366896.77119332, 987.91652641
369816.45451549, 987.91652641
372759.37203149, 987.91652641
375725.70863391, 987.91652641
378715.65068665, 987.91652641
381729.38603667, 987.91652641
384767.10402576, 987.91652641
387828.99550244, 987.91652641
390915.252834, 987.91652641
394026.06991851, 987.91652641
397161.64219705, 987.91652641
400322.16666597, 987.91652641
403507.84188929, 987.91652641
406718.86801115, 987.91652641
409955.44676838, 987.91652641
413217.78150321, 987.91652641
416506.077176, 987.91652641
419820.54037816, 987.91652641
423161.37934509, 987.91652641
426528.80396929, 988.52238304
429923.02581355, 988.52238304
433344.2581242, 988.52238304
436792.71584457, 988.52238304
440268.61562844, 988.52238304
443772.17585369, 988.52238304
447303.61663597, 988.52238304
450863.1598426, 988.52238304
454451.02910645, 988.52238304
458067.44984002, 988.52238304
461712.64924958, 988.52238304
465386.85634947, 988.52238304
469090.30197647, 988.52238304
472823.21880432, 988.52238304
476585.8413583, 988.52238304
480378.40603001, 988.52238304
484201.1510922, 988.52238304
488054.31671374, 988.52238304
491938.14497471, 989.12823965
495852.87988161, 989.12823965
499798.76738269, 989.12823965
503776.05538339, 989.12823965
507784.99376196, 989.12823965
511825.83438508, 989.12823965
515898.83112377, 989.12823965
520004.23986928, 989.12823965
524142.31854919, 989.12823965
528313.32714359, 989.12823965
532517.52770148, 989.12823965
536755.18435715, 989.73409625
541026.56334682, 989.73409625
545331.93302536, 989.73409625
549671.56388316, 989.73409625
554045.7285631, 989.73409625
558454.70187768, 989.73409625
562898.76082634, 989.73409625
567378.18461279, 989.73409625
571893.25466255, 989.73409625
576444.25464075, 989.73409625
581031.47046976, 989.73409625
585655.19034733, 989.73409625
590315.70476459, 989.73409625
595013.30652437, 989.73409625
599748.29075951, 989.73409625
604520.95495149, 989.73409625
609331.59894906, 989.73409625
614180.52498712, 989.73409625
619068.03770567, 989.73409625
623994.44416898, 989.73409625
628960.05388486, 989.73409625
633965.17882412, 989.73409625
639010.13344017, 989.73409625
644095.23468876, 989.73409625
649220.80204791, 989.73409625
654387.15753797, 989.73409625
659594.62574187, 989.73409625
664843.53382548, 989.73409625
670134.2115582, 989.73409625
675466.99133365, 989.73409625
680842.20819057, 989.73409625
686260.19983387, 989.73409625
691721.30665583, 989.73409625
697225.87175751, 989.73409625
702774.24097027, 989.73409625
708366.76287755, 989.73409625
714003.78883671, 989.73409625
719685.67300115, 989.73409625
725412.77234254, 990.33995288
731185.44667327, 990.33995288
737004.058669, 990.94580949
742868.97389151, 990.94580949
748780.56081163, 990.94580949
754739.19083243, 990.94580949
760745.23831246, 990.94580949
766799.08058938, 990.94580949
772901.09800361, 990.94580949
779051.67392224, 990.94580949
785251.19476309, 990.94580949
791500.05001903, 990.94580949
797798.63228241, 990.94580949
804147.33726977, 990.94580949
810546.56384664, 990.94580949
816996.71405266, 990.94580949
823498.1931268, 990.94580949
830051.40953283, 990.94580949
836656.774985, 990.94580949
843314.70447387, 990.94580949
850025.61629241, 990.94580949
856789.93206229, 990.94580949
863608.07676033, 990.94580949
870480.47874523, 990.33995288
877407.56978448, 990.33995288
884389.78508146, 990.33995288
