#DataThief C:\Users\tonii\OneDrive\Pictures\Datathief\TTT_Ti6Al4V.png Tuesday 21-Jun-2022 5:21:43 PM
96114.3639, 260.2827
95355.5455, 260.2827
94602.7181, 260.2827
93855.834, 260.2827
93114.8468, 260.2827
92379.7095, 260.2827
91650.3761, 260.2827
90926.8007, 260.2827
90208.9379, 260.8885
89496.7427, 260.8885
88790.1701, 260.8885
88089.176, 260.8885
87393.7161, 260.8885
86703.7469, 260.8885
86019.2248, 261.4944
85340.1072, 261.4944
84666.3511, 261.4944
83997.9143, 262.1003
83334.7548, 262.1003
82676.8309, 262.1003
82024.1012, 262.1003
81376.5248, 262.1003
80734.061, 262.7062
80096.6695, 262.7062
79464.3101, 262.7062
78836.9431, 262.7062
78214.5292, 263.312
77597.0292, 263.312
76984.4043, 263.312
76376.616, 263.312
75773.6263, 263.9179
75175.3972, 263.9179
74581.891, 263.9179
73993.0705, 263.9179
73408.8988, 264.5237
72829.339, 264.5237
72254.3548, 265.1296
71683.9101, 265.1296
71117.9691, 265.1296
70556.4961, 265.1296
69999.4559, 265.1296
69446.8135, 265.1296
68898.5342, 265.7354
68354.5836, 265.7354
67814.9274, 265.7354
67279.5318, 265.7354
66748.3631, 266.3413
66221.3879, 266.3413
65698.5732, 266.3413
65179.886, 266.3413
64665.294, 266.3413
64154.7646, 266.9472
63648.2658, 266.9472
63145.7657, 266.9472
62647.2328, 267.553
62152.636, 267.553
61661.9439, 267.553
61175.1258, 267.553
60692.1511, 268.1589
60212.9893, 268.1589
59737.6107, 268.1589
59265.9851, 268.1589
58798.083, 268.1589
58333.8749, 268.7647
57873.3317, 268.7647
57416.4245, 268.7647
56963.1246, 268.7647
56513.4035, 269.3706
56067.2328, 269.3706
55624.5847, 269.3706
55185.4312, 269.3706
54749.7449, 269.3706
54317.4982, 269.9764
53888.6642, 269.9764
53463.2157, 269.9764
53041.1262, 269.9764
52622.369, 270.5823
52206.9179, 270.5823
51794.7468, 270.5823
51385.8296, 271.1882
50980.141, 271.1882
50577.6553, 271.1882
50178.3471, 271.1882
49782.1914, 271.794
49389.1634, 271.794
48999.2383, 271.794
48612.3916, 272.3999
48228.5991, 272.3999
47847.8366, 272.3999
47470.0802, 272.3999
47095.3062, 272.3999
46723.491, 272.3999
46354.6112, 273.0057
45988.6438, 273.0057
45625.5655, 273.0057
45265.354, 273.6116
44907.9862, 273.6116
44553.4397, 273.6116
44201.6924, 273.6116
43852.7222, 273.6116
43506.507, 274.2174
43163.0252, 274.2174
42822.2551, 274.2174
42484.1755, 274.2174
42148.765, 274.8233
41816.0025, 274.8233
41485.8671, 274.8233
41158.3382, 274.8233
40833.3951, 275.4291
40511.0174, 275.4291
40191.1848, 275.4291
39873.8773, 275.4291
39559.0749, 275.4291
39246.7579, 276.035
38936.9066, 276.035
38629.5016, 276.035
38324.5234, 276.035
38021.9532, 276.6409
37721.7717, 276.6409
37423.9601, 276.6409
37128.4997, 276.6409
36835.3719, 276.6409
36544.5585, 277.2467
36256.0409, 277.2467
35969.8012, 277.2467
35685.8214, 277.2467
35404.0835, 277.8526
35124.5699, 277.8526
34847.2631, 277.8526
34572.1456, 277.8526
34299.2002, 278.4584
34028.4096, 278.4584
33759.757, 278.4584
33493.2253, 278.4584
33228.7979, 279.0643
32966.4581, 279.0643
32706.1895, 279.0643
32447.9757, 279.6701
32191.8004, 279.6701
31937.6477, 279.6701
31685.5015, 279.6701
31435.346, 279.6701
31187.1654, 279.6701
30940.9442, 280.276
30696.6669, 280.276
30454.3182, 280.276
30213.8828, 280.8819
29975.3456, 280.8819
29738.6917, 280.8819
29503.9062, 280.8819
29270.9742, 280.8819
29039.8813, 281.4877
28810.6128, 281.4877
28583.1544, 281.4877
28357.4917, 282.0936
28133.6107, 282.0936
27911.4971, 282.0936
27691.1372, 282.0936
27472.517, 282.6994
27255.6228, 282.6994
27040.4409, 282.6994
26826.958, 282.6994
26615.1604, 282.6994
26405.035, 282.6994
26196.5685, 283.3053
25989.7478, 283.3053
25784.56, 283.3053
25580.9921, 283.9111
25379.0314, 283.9111
25178.6652, 283.9111
24979.8808, 283.9111
24782.6658, 283.9111
24587.0078, 283.9111
24392.8946, 284.517
24200.3138, 284.517
24009.2535, 284.517
23819.7016, 284.517
23631.6461, 285.1229
23445.0755, 285.1229
23259.9777, 285.1229
23076.3413, 285.1229
22894.1547, 285.7287
22713.4064, 285.7287
22534.0852, 285.7287
22356.1796, 286.3346
22179.6785, 286.3346
22004.5711, 286.3346
21830.846, 286.3346
21658.4926, 286.9404
21487.4998, 286.9404
21317.857, 286.9404
21149.5535, 286.9404
20982.5789, 286.9404
20816.9224, 287.5463
20652.5737, 287.5463
20489.5227, 287.5463
20327.7589, 288.1521
20167.2722, 288.1521
20008.0525, 288.1521
19850.0899, 288.1521
19693.3744, 288.1521
19537.8961, 288.758
19383.6454, 288.758
19230.6124, 288.758
19078.7877, 289.3639
18928.1615, 289.3639
18778.7246, 289.3639
18630.4675, 289.3639
18483.3808, 289.3639
18337.4554, 289.3639
18192.6821, 289.9697
18049.0517, 289.9697
17906.5553, 289.9697
17765.1839, 290.5756
17624.9285, 290.5756
17485.7806, 290.5756
17347.7311, 290.5756
17210.7717, 290.5756
17074.8935, 291.1814
16940.088, 291.1814
16806.3468, 291.1814
16673.6615, 291.1814
16542.0238, 291.7873
16411.4253, 291.7873
16281.8578, 291.7873
16153.3134, 291.7873
16025.7837, 292.3931
15899.2609, 292.3931
15773.737, 292.3931
15649.2041, 292.3931
15525.6543, 292.999
15403.0801, 292.999
15281.4735, 292.999
15160.827, 293.6048
15041.133, 293.6048
14922.3839, 293.6048
14804.5724, 293.6048
14687.6909, 294.2107
14571.7324, 294.2107
14456.6893, 294.2107
14342.5544, 294.2107
14229.3206, 294.8166
14116.9808, 294.8166
14005.5279, 294.8166
13894.9548, 294.8166
13785.2549, 295.4224
13676.421, 295.4224
13568.4463, 295.4224
13461.3241, 295.4224
13355.0476, 295.4224
13249.6101, 295.4224
13145.0051, 296.0283
13041.2259, 296.0283
12938.266, 296.6341
12836.119, 296.6341
12734.7785, 296.6341
12634.238, 296.6341
12534.4913, 296.6341
12435.5321, 297.24
12337.3541, 297.24
12239.9513, 297.24
12143.3175, 297.24
12047.4466, 297.24
11952.3325, 297.8458
11857.9694, 297.8458
11764.3513, 297.8458
11671.4723, 298.4517
11579.3266, 298.4517
11487.9083, 298.4517
11397.2119, 298.4517
11307.2315, 298.4517
11217.9614, 299.0576
11129.3961, 299.6634
11041.5301, 299.6634
10954.3577, 299.6634
10867.8736, 299.6634
10782.0722, 299.6634
10696.9483, 299.6634
10612.4964, 300.2692
10528.7112, 300.2692
10445.5876, 300.2692
10363.1202, 300.8751
10281.3038, 300.8751
10200.1334, 300.8751
10119.6038, 301.4809
10039.71, 301.4809
9960.447, 301.4809
9881.8098, 301.4809
9803.7933, 301.4809
9726.3929, 302.0868
9649.6035, 302.0868
9573.4203, 302.0868
9497.8386, 302.0868
9422.8536, 302.6926
9348.4606, 302.6926
9274.655, 302.6926
9201.432, 302.6926
9128.7871, 303.2986
9056.7158, 303.2986
8985.2135, 303.9043
8914.2756, 303.9043
8843.8979, 303.9043
8774.0757, 303.9043
8704.8048, 303.9043
8636.0808, 304.5103
8567.8993, 304.5103
8500.2562, 304.5103
8433.147, 304.5103
8366.5676, 305.1161
8300.5141, 305.1161
8234.9819, 305.1161
8169.967, 305.1161
8105.4656, 305.722
8041.4734, 305.722
7977.9863, 305.722
7915.0005, 305.722
7852.5119, 305.722
7790.5167, 306.3277
7729.011, 306.9337
7667.9908, 306.9337
7607.4524, 306.9337
7547.3919, 306.9337
7487.8056, 306.9337
7428.6897, 307.5394
7370.0406, 307.5394
7311.8545, 307.5394
7254.1277, 308.1454
7196.8567, 308.1454
7140.0379, 308.1454
7083.6676, 308.1454
7027.7424, 308.7513
6972.2587, 308.7513
6917.2131, 308.7513
6862.6019, 309.3571
6808.4221, 309.3571
6754.6699, 309.3571
6701.3421, 309.963
6648.4353, 309.963
6595.9463, 309.963
6543.8716, 309.963
6492.208, 309.963
6440.9523, 309.963
6390.1013, 310.5688
6339.6518, 311.1747
6289.6005, 311.1747
6239.9444, 311.1747
6190.6804, 311.1747
6141.8052, 311.1747
6093.316, 311.7805
6045.2095, 311.7805
5997.4828, 311.7805
5950.1331, 312.3864
5903.157, 312.3864
5856.5518, 312.3864
5810.3147, 312.3864
5764.4425, 312.9923
5718.9325, 312.9923
5673.7818, 312.9923
5628.9876, 313.5981
5584.547, 313.5981
5540.4573, 314.204
5496.7156, 314.204
5453.3193, 314.204
5410.2656, 314.204
5367.5518, 314.204
5325.1753, 314.204
5283.1333, 314.8098
5241.4232, 314.8098
5200.0424, 315.4157
5158.9883, 315.4157
5118.2583, 315.4157
5077.8498, 315.4157
5037.7606, 316.0215
4997.9877, 316.0215
4958.5288, 316.0215
4919.3814, 316.6274
4880.5432, 316.6274
4842.0115, 316.6274
4803.7841, 317.2333
4765.8584, 317.2333
4728.2322, 317.2333
4690.903, 317.2333
4653.8686, 317.8391
4617.1265, 317.8391
4580.6745, 318.445
4544.5103, 318.445
4508.6316, 318.445
4473.0362, 318.445
4437.7218, 319.0508
4402.6862, 319.0508
4367.9272, 319.0508
4333.4426, 319.0508
4299.2303, 319.6566
4265.288, 319.6566
4231.6138, 320.2625
4198.2054, 320.2625
4165.0608, 320.2625
4132.1778, 320.2625
4099.5545, 320.2625
4067.1887, 320.8683
4035.0784, 320.8683
4003.2217, 321.4743
3971.6164, 321.4743
3940.2607, 321.4743
3909.1525, 321.4743
3878.29, 321.4743
3847.671, 322.0801
3817.2939, 322.0801
3787.1565, 322.0801
3757.257, 322.686
3727.5937, 322.686
3698.1645, 322.686
3668.9677, 322.686
3640.0014, 323.2918
3611.2637, 323.2918
3582.753, 323.2918
3554.4673, 323.8977
3526.405, 323.8977
3498.5642, 324.5034
3470.9432, 324.5034
3443.5402, 324.5034
3416.3537, 324.5034
3389.3817, 324.5034
3362.6227, 325.1094
3336.075, 325.1094
3309.7368, 325.7151
3283.6066, 325.7151
3257.6827, 325.7151
3231.9634, 325.7151
3206.4472, 326.3211
3181.1325, 326.3211
3156.0176, 326.3211
3131.101, 326.927
3106.3811, 326.927
3081.8564, 326.927
3057.5252, 327.5328
3033.3862, 327.5328
3009.4378, 327.5328
2985.6784, 327.5328
2962.1066, 327.5328
2962.1066, 328.1387
2938.7208, 328.7445
2915.5199, 328.7445
2892.502, 328.7445
2869.6658, 328.7445
2847.0099, 328.7445
2824.5329, 328.7445
2802.2334, 329.3504
2780.1099, 329.3504
2758.1611, 329.9562
2736.3855, 329.9562
2714.7819, 329.9562
2693.3488, 329.9562
2672.0849, 330.5621
2650.9889, 330.5621
2630.0594, 330.5621
2609.2953, 330.5621
2609.2953, 331.168
2588.6951, 331.7738
2568.2574, 331.7738
2547.9811, 331.7738
2527.865, 331.7738
2507.9076, 331.7738
2488.1078, 331.7738
2468.4643, 331.7738
2448.9759, 332.3797
2429.6413, 332.9855
2410.4594, 332.9855
2391.429, 332.9855
2372.5488, 332.9855
2353.8176, 333.5914
2335.2343, 333.5914
2316.7978, 333.5914
2298.5067, 334.1972
2280.3601, 334.1972
2262.3568, 334.1972
2244.4956, 334.8031
2226.7753, 334.8031
2209.1951, 334.8031
2191.7536, 334.8031
2174.4499, 335.409
2157.2827, 336.0148
2140.251, 336.0148
2123.3538, 336.0148
2106.5901, 336.0148
2089.9586, 336.0148
2073.4585, 336.6207
2057.0887, 336.6207
2040.8481, 337.2265
2024.7357, 337.2265
2008.7505, 337.2265
1992.8915, 337.8324
1977.1577, 337.8324
1961.5481, 337.8324
1946.0618, 338.4382
1930.6977, 338.4382
1915.455, 339.0441
1900.3325, 339.0441
1885.3295, 339.0441
1870.4449, 339.0441
1855.6778, 339.0441
1841.0274, 339.0441
1826.4925, 339.6499
1812.0725, 339.6499
1797.7662, 340.2558
1783.573, 340.2558
1769.4917, 340.2558
1755.5217, 340.2558
1741.6619, 340.8617
1727.9116, 340.8617
1714.2698, 340.8617
1714.2698, 341.4675
1700.7357, 342.0734
1687.3085, 342.0734
1673.9872, 342.0734
1660.7711, 342.0734
1647.6595, 342.0734
1634.6513, 342.0734
1621.7458, 342.6792
1608.9422, 343.2851
1596.2397, 343.2851
1583.6375, 343.2851
1571.1347, 343.2851
1558.7307, 343.2851
1546.4245, 343.8909
1534.2156, 343.8909
1522.1031, 344.4968
1510.0861, 344.4968
1498.1641, 344.4968
1486.3361, 345.1027
1474.6016, 345.1027
1462.9597, 345.1027
1451.4097, 345.1027
1451.4097, 345.7085
1439.9508, 346.3144
1428.5825, 346.3144
1417.3039, 346.3144
1406.1144, 346.3144
1395.0132, 346.3144
1383.9996, 346.3144
1373.073, 346.9202
1362.2327, 346.9202
1351.4779, 347.5261
1340.8081, 347.5261
1330.2224, 347.5261
1319.7204, 347.5261
1309.3013, 348.1319
1298.9644, 348.1319
1288.709, 348.1319
1278.5348, 348.7378
1268.4409, 349.3437
1258.4266, 349.3437
1248.4914, 349.3437
1238.6346, 349.3437
1228.8556, 349.3437
1219.1539, 349.3437
1219.1539, 349.9495
1209.5287, 350.5554
1199.9795, 350.5554
1190.5058, 350.5554
1181.1068, 350.5554
1171.782, 350.5554
1162.5308, 351.1612
1153.3527, 351.1612
1144.2469, 351.7671
1135.2133, 351.7671
1126.2508, 351.7671
1117.3591, 351.7671
1108.5375, 352.3729
1099.7858, 352.3729
1091.103, 352.3729
1082.4888, 352.9788
1073.9426, 353.5847
1065.4639, 353.5847
1057.0521, 353.5847
1048.7067, 353.5847
1040.4272, 353.5847
1032.2131, 354.1905
1024.0638, 354.7964
1015.9788, 354.7964
1007.9578, 354.7964
1000.0, 354.7964
992.105, 354.7964
984.2724, 355.4022
976.5016, 355.4022
968.7922, 356.0081
961.1436, 356.6139
953.5554, 356.6139
946.0272, 356.6139
938.5583, 356.6139
931.1485, 356.6139
923.7971, 357.2198
916.5038, 357.2198
909.268, 357.8256
902.0894, 357.8256
894.9674, 357.8256
887.9017, 357.8256
880.8918, 358.4315
873.9372, 358.4315
867.0375, 358.4315
867.0375, 359.0374
860.1922, 359.6432
853.4011, 359.6432
846.6635, 359.6432
839.979, 359.6432
833.3475, 359.6432
826.7683, 359.6432
820.241, 360.249
813.7652, 360.8549
807.3406, 360.8549
800.9667, 360.8549
794.6431, 360.8549
788.3694, 360.8549
782.1453, 361.4607
775.9703, 361.4607
769.8439, 362.0666
763.7662, 362.0666
757.7363, 362.0666
751.754, 362.0666
745.8189, 362.6724
739.9306, 362.6724
734.089, 363.2784
728.2934, 363.8841
722.5434, 363.8841
716.8391, 363.8841
711.1797, 363.8841
705.565, 363.8841
699.9946, 364.4901
694.4681, 365.0959
688.9853, 365.0959
683.5457, 365.0959
678.1493, 365.0959
672.7953, 365.7018
667.4836, 365.7018
662.2139, 366.3075
656.9857, 366.3075
651.7989, 366.3075
646.6529, 366.9135
641.5476, 366.9135
636.4827, 366.9135
631.4577, 366.9135
626.4723, 367.5194
621.5264, 368.1252
616.6194, 368.1252
611.7513, 368.1252
606.9215, 368.1252
602.1299, 368.1252
597.3761, 368.1252
592.6599, 368.7311
587.9808, 369.3369
583.3387, 369.3369
578.7332, 369.3369
574.1642, 369.3369
569.6312, 369.9428
565.134, 369.9428
560.6723, 370.5486
556.2458, 371.1545
551.8542, 371.1545
547.4974, 371.1545
543.175, 371.1545
538.8866, 371.1545
534.6322, 371.7604
530.4113, 371.7604
526.2237, 372.3662
522.0692, 372.3662
517.9475, 372.3662
513.8582, 372.3662
509.8014, 372.9721
505.7766, 373.5779
501.7835, 373.5779
497.8218, 374.1838
493.8916, 374.1838
489.9924, 374.1838
486.1239, 374.1838
482.286, 374.1838
482.286, 374.7896
478.4784, 375.3955
474.7008, 375.3955
470.9531, 375.3955
467.2349, 375.3955
463.5461, 375.3955
459.8864, 376.0013
456.2557, 376.0013
452.6535, 376.6072
449.0799, 376.6072
445.5344, 376.6072
442.0169, 376.6072
438.5272, 377.2131
435.0651, 377.2131
431.6303, 377.8189
428.2226, 378.4248
424.8418, 378.4248
421.4876, 378.4248
418.16, 378.4248
414.8587, 378.4248
411.5834, 379.0306
408.334, 379.6364
405.1102, 379.6364
401.9118, 379.6364
398.7388, 379.6364
395.5907, 379.6364
392.4676, 380.2423
389.3691, 380.8481
386.295, 381.4541
383.2452, 381.4541
380.2195, 381.4541
377.2177, 381.4541
374.2396, 381.4541
371.285, 381.4541
371.285, 382.0599
368.3537, 382.6658
365.4456, 382.6658
362.5604, 382.6658
359.698, 382.6658
356.8582, 382.6658
354.0408, 383.2716
351.2457, 383.2716
348.4726, 383.8775
345.7215, 384.4833
342.992, 384.4833
340.2841, 384.4833
337.5976, 384.4833
334.9323, 385.0892
332.288, 385.6951
329.6646, 385.6951
327.0619, 385.6951
324.4798, 385.6951
321.918, 385.6951
319.3765, 386.3009
316.855, 386.9068
314.3535, 386.9068
311.8717, 386.9068
309.4094, 386.9068
306.9667, 387.5126
304.5432, 387.5126
302.1388, 388.1185
299.7534, 388.7243
297.3869, 388.7243
295.0391, 388.7243
292.7097, 388.7243
290.3988, 388.7243
290.3988, 389.3302
288.1061, 389.936
285.8315, 389.936
283.5749, 389.936
281.3361, 389.936
279.115, 389.936
276.9114, 390.5419
274.7252, 390.5419
272.5562, 391.1478
270.4043, 391.7536
268.2696, 391.7536
266.1516, 391.7536
264.0503, 391.7536
261.9657, 392.3595
259.8975, 392.9653
257.8456, 392.9653
255.8098, 392.9653
253.7903, 392.9653
251.7867, 392.9653
249.7988, 393.5712
247.8267, 394.177
245.87, 394.177
243.9289, 394.177
242.0031, 394.177
240.0925, 394.7829
238.197, 395.3888
236.3165, 395.3888
234.4508, 395.9946
232.5998, 395.9946
230.7633, 395.9946
228.9415, 395.9946
227.1341, 396.6005
225.3409, 397.2063
223.5617, 397.2063
221.7968, 397.2063
220.0457, 397.2063
218.3085, 397.2063
216.5849, 397.8122
214.875, 398.418
213.1786, 399.0239
211.4955, 399.0239
209.8258, 399.0239
208.1692, 399.0239
206.5257, 399.0239
206.5257, 399.6298
204.8952, 400.2356
203.2776, 400.2356
201.6726, 400.2356
200.0805, 400.2356
198.5009, 400.2356
196.9337, 400.8415
195.379, 401.4473
193.8365, 401.4473
192.3061, 402.0532
190.7879, 402.0532
189.2816, 402.0532
187.7872, 402.0532
187.7872, 402.659
186.3047, 403.2649
184.8338, 403.2649
183.3746, 403.2649
181.9268, 403.2649
180.4905, 403.2649
179.0656, 403.8708
177.6518, 404.4766
176.2493, 404.4766
174.8578, 404.4766
173.4773, 404.4766
172.1077, 405.0825
170.7489, 405.0825
170.7489, 405.6883
169.4009, 406.2942
168.0635, 406.2942
166.7366, 406.2942
165.4202, 406.2942
164.1143, 406.2942
164.1143, 406.9
162.8186, 407.5059
161.5331, 407.5059
160.2578, 407.5059
158.9926, 407.5059
157.7374, 407.5059
156.492, 408.1117
155.2565, 408.7176
154.0308, 409.3235
152.8147, 409.3235
151.6082, 409.3235
150.4113, 409.3235
149.2238, 409.9293
148.0457, 410.5352
146.8769, 410.5352
145.7173, 410.5352
144.5669, 410.5352
143.4255, 410.5352
143.4255, 411.141
142.2932, 411.7469
141.1698, 411.7469
140.0553, 411.7469
138.9495, 411.7469
137.8525, 411.7469
137.8525, 412.3527
136.7642, 412.9586
135.6844, 412.9586
134.6132, 413.5645
133.5505, 413.5645
132.4961, 413.5645
131.4501, 413.5645
130.4123, 414.1703
129.3827, 414.7762
128.3612, 414.7762
127.3477, 414.7762
126.3424, 414.7762
126.3424, 415.382
125.3449, 415.9879
124.3553, 415.9879
123.3735, 416.5937
122.3995, 416.5937
121.4332, 416.5937
120.4745, 416.5937
119.5232, 417.1996
118.5796, 417.8054
117.6435, 417.8054
116.7147, 417.8054
115.7933, 417.8054
114.8791, 418.4113
113.9721, 419.0172
113.0723, 419.0172
112.1796, 419.0172
111.294, 419.0172
110.4153, 419.623
110.4153, 420.2288
109.5436, 420.2288
108.6787, 420.8347
107.8207, 420.8347
106.9695, 420.8347
106.125, 420.8347
106.125, 421.4405
105.2871, 422.0464
104.4559, 422.0464
103.6312, 422.0464
102.813, 422.0464
102.0013, 422.0464
102.0013, 422.6522
101.196, 423.2582
100.3971, 423.2582
99.6045, 423.8639
98.8181, 423.8639
98.0379, 423.8639
97.2639, 424.4699
96.496, 425.0757
95.7342, 425.0757
94.9784, 425.0757
94.2285, 425.0757
93.4846, 425.6816
92.7465, 426.2873
92.0143, 426.8933
91.2879, 426.8933
90.5672, 426.8933
89.8521, 427.4992
89.1428, 428.105
88.439, 428.105
87.7408, 428.105
87.048, 428.105
86.3608, 428.7109
85.679, 429.3167
85.0026, 429.3167
84.3315, 429.3167
83.6657, 429.9226
83.0051, 430.5284
82.3498, 431.1343
81.6997, 431.1343
81.0547, 431.1343
80.4147, 431.7402
79.7799, 432.346
79.15, 432.346
78.5251, 432.346
77.9052, 432.9519
77.2901, 433.5577
76.6799, 433.5577
76.0745, 434.1636
75.4739, 434.1636
74.878, 434.7694
74.2869, 434.7694
73.7004, 435.3753
73.1185, 435.3753
72.5413, 435.9811
71.9686, 436.587
71.4003, 436.587
70.8367, 436.587
70.2774, 437.1929
69.7226, 437.7987
69.1721, 437.7987
68.626, 438.4046
68.0842, 438.4046
67.5467, 439.0104
67.0134, 439.6162
66.4844, 439.6162
65.9595, 439.6162
65.9595, 440.2221
65.4386, 440.8279
64.9221, 440.8279
64.4095, 441.4339
63.901, 441.4339
63.3965, 442.0397
62.896, 442.6456
62.3994, 442.6456
61.9068, 442.6456
61.4181, 443.2514
60.9332, 443.8573
60.4521, 444.4631
59.9748, 444.4631
59.5013, 445.069
59.0316, 445.069
58.5655, 445.6749
58.1031, 445.6749
58.1031, 446.2807
57.6444, 446.8866
57.1893, 446.8866
56.7378, 446.8866
56.2899, 447.4924
55.8455, 448.0983
55.4046, 448.7041
54.9672, 448.7041
54.5332, 449.31
54.1027, 449.31
53.6755, 449.9159
53.2518, 449.9159
53.2518, 450.5217
52.8313, 450.5217
52.4142, 450.5217
52.0004, 451.1276
51.5899, 451.7334
51.1826, 452.3393
50.7785, 452.9451
50.3776, 452.9451
49.9799, 452.9451
49.9799, 453.551
49.5853, 454.1568
49.1938, 454.1568
48.8054, 454.1568
48.4201, 454.7627
48.0378, 455.3686
47.6585, 455.9744
47.2823, 455.9744
46.909, 455.9744
46.909, 456.5803
46.5387, 456.5803
46.1713, 457.1861
45.8067, 457.1861
45.4451, 457.792
45.0863, 458.3978
44.7304, 458.3978
44.3772, 459.0037
44.0269, 459.6096
43.6793, 459.6096
43.3344, 460.2154
42.9923, 460.2154
42.6529, 460.8213
42.3161, 461.4271
41.9821, 461.4271
41.6505, 461.4271
41.3218, 462.033
40.9955, 462.6388
40.6719, 462.6388
40.3508, 463.2447
40.0322, 463.8506
39.7162, 463.8506
39.4026, 464.4564
39.0915, 464.4564
38.7829, 465.0623
38.4767, 465.6681
38.1729, 465.6681
37.8716, 466.274
37.5726, 466.274
37.5726, 466.8798
37.2759, 466.8798
36.9816, 466.8798
36.6897, 467.4857
36.4, 467.4857
36.4, 468.0916
36.1126, 468.6974
35.8275, 468.6974
35.5447, 468.6974
35.264, 469.3033
34.9856, 469.3033
34.7094, 469.9091
34.4354, 470.515
34.1635, 470.515
33.8938, 471.1208
33.6261, 471.1208
33.3607, 471.7267
33.0974, 471.7267
32.8361, 471.7267
32.8361, 472.3325
32.5768, 472.9384
32.3195, 472.9384
32.0645, 473.5443
31.8113, 473.5443
31.5602, 473.5443
31.311, 474.1501
31.0638, 474.756
30.8186, 474.756
30.5753, 474.756
30.3338, 475.3618
30.0944, 475.9677
29.8568, 475.9677
29.6211, 476.5735
29.3872, 476.5735
29.1552, 477.1794
28.925, 477.7852
28.6966, 477.7852
28.4701, 477.7852
28.2453, 478.3911
28.0223, 478.9969
27.8011, 478.9969
27.5816, 478.9969
27.5816, 479.6028
27.3639, 480.2086
27.1478, 480.2086
26.9335, 480.8145
26.7208, 480.8145
26.5099, 481.4203
26.3006, 481.4203
26.093, 482.0263
25.887, 482.0263
25.6825, 482.0263
25.6825, 482.632
25.4798, 483.238
25.2786, 483.238
25.0791, 483.8437
24.8811, 483.8437
24.6846, 484.4497
24.4898, 484.4497
24.2964, 485.0555
24.1046, 485.0555
23.9143, 485.0555
23.7255, 485.6614
23.5382, 486.2673
23.3523, 486.2673
23.168, 486.8731
22.9851, 486.8731
22.8035, 487.479
22.6236, 487.479
22.445, 488.0848
22.2678, 488.0848
22.092, 488.6907
21.9175, 489.2965
21.7445, 489.2965
21.5728, 489.2965
21.4025, 489.9024
21.2335, 490.5082
21.0659, 490.5082
20.8996, 491.1141
20.7346, 491.72
20.5709, 491.72
20.4085, 491.72
20.2474, 492.3258
20.0875, 492.3258
20.0875, 492.9317
19.9289, 492.9317
19.7715, 493.5375
19.6155, 493.5375
19.4606, 494.1434
19.307, 494.7492
19.1545, 494.7492
19.0033, 494.7492
18.8533, 495.3551
18.7044, 495.9609
18.5568, 495.9609
18.4102, 496.5668
18.2649, 496.5668
18.1207, 497.1727
17.9777, 497.1727
17.8357, 497.7785
17.6949, 498.3844
17.5552, 498.3844
17.4166, 498.9902
17.2791, 498.9902
17.1427, 499.596
17.0074, 499.596
16.8731, 500.202
16.7399, 500.202
16.6077, 500.8077
16.4766, 501.4137
16.3465, 501.4137
16.2175, 502.0195
16.0894, 502.0195
15.9624, 502.6254
15.8364, 502.6254
15.7113, 503.2312
15.5873, 503.8371
15.4642, 503.8371
15.3422, 503.8371
15.221, 504.4429
15.1009, 505.0488
14.9816, 505.0488
14.8634, 505.6547
14.746, 506.2605
14.6296, 506.2605
14.5141, 506.8664
14.3995, 506.8664
14.2858, 507.4722
14.173, 508.0781
14.0611, 508.0781
13.9501, 508.6839
13.8399, 509.2898
13.7307, 509.2898
13.6223, 509.8957
13.5148, 509.8957
13.5148, 510.5015
13.4081, 510.5015
13.3022, 511.1074
13.1972, 511.1074
13.093, 511.7132
12.9896, 512.3191
12.8871, 512.3191
12.7852, 512.9249
12.6844, 513.5308
12.5843, 513.5308
12.4849, 514.1367
12.3862, 514.1367
12.2886, 514.7425
12.1915, 515.3484
12.0953, 515.3484
11.9998, 515.9542
11.9051, 516.5601
11.8111, 517.1659
11.7178, 517.7718
11.6253, 517.7718
11.5335, 518.3777
11.4425, 518.3777
11.3521, 518.9835
11.2625, 519.5894
11.1736, 520.1952
11.0854, 520.8011
10.9979, 520.8011
10.911, 521.4069
10.8249, 522.0128
10.7393, 522.6186
10.6545, 523.2245
10.5705, 523.8304
10.487, 523.8304
10.4043, 524.4362
10.3221, 525.0421
10.2406, 525.6479
10.1598, 526.2538
10.0796, 526.8596
10.0, 527.4655
9.9211, 528.0714
9.8427, 528.6772
9.765, 529.2831
9.6879, 529.8889
9.6114, 530.4948
9.5356, 531.1006
9.4603, 531.1006
9.3856, 531.7065
9.3856, 532.3124
9.3115, 532.9182
9.238, 533.5241
9.165, 534.1299
9.0927, 534.1299
9.0927, 534.7358
9.0209, 535.3416
8.9497, 535.3416
8.879, 535.9475
8.8089, 536.5533
8.7393, 537.1592
8.6703, 537.7651
8.6019, 538.3709
8.534, 538.3709
8.4666, 538.9768
8.3998, 539.5826
8.3335, 540.1885
8.2677, 540.7943
8.2024, 541.4002
8.1377, 541.4002
8.0734, 542.0061
8.0097, 542.6118
7.9464, 543.2178
7.8837, 543.8235
7.8215, 543.8235
7.7597, 544.4295
7.6984, 545.0352
7.6377, 545.6412
7.5774, 545.6412
7.5175, 546.2471
7.4582, 546.8529
7.3993, 547.4588
7.3409, 548.0646
7.2829, 548.6705
7.2254, 549.2763
7.1684, 549.2763
7.1684, 549.8822
7.1118, 549.8822
7.0556, 550.4881
6.9999, 550.4881
6.9999, 551.0939
6.9447, 551.0939
6.8899, 551.6998
6.8355, 552.3056
6.7814, 552.9115
6.728, 553.5173
6.6747, 554.1232
6.6221, 554.1232
6.5699, 554.729
6.518, 555.3349
6.4665, 555.9407
6.4155, 555.9407
6.3648, 556.5466
6.3146, 557.1525
6.2647, 557.7583
6.2153, 558.3642
6.1662, 558.97
6.1175, 558.97
6.0692, 559.5758
6.0213, 560.1818
5.9738, 560.7875
5.9266, 561.3935
5.8798, 561.9992
5.8334, 562.6052
5.7873, 563.211
5.7416, 563.211
5.6963, 563.8169
5.6513, 564.4228
5.6067, 565.0286
5.5625, 565.6345
5.5185, 566.2403
5.475, 566.2403
5.4317, 566.8462
5.4317, 567.452
5.3889, 568.0579
5.3463, 568.6637
5.3041, 569.2696
5.2622, 569.2696
5.2207, 569.8755
5.2207, 570.4813
5.1795, 571.0872
5.1386, 571.693
5.098, 572.2989
5.0578, 572.2989
5.0578, 572.9047
5.0178, 572.9047
5.0178, 573.5106
4.9782, 574.1165
4.9388, 574.7223
4.9388, 575.3282
4.8999, 575.934
4.8612, 576.5399
4.8612, 577.1457
4.8229, 577.7516
4.7848, 578.3575
4.7469, 578.9633
4.7095, 579.5692
4.6723, 580.175
4.6723, 580.7809
4.6355, 581.3867
4.5989, 581.9926
4.5989, 582.5985
4.5626, 583.2043
4.5626, 583.8102
4.5265, 583.8102
4.4908, 584.416
4.4908, 585.0219
4.4908, 585.6277
4.4553, 586.2336
4.4202, 586.8394
4.4202, 587.4453
4.3853, 588.0512
4.3507, 588.657
4.3507, 589.2629
4.3163, 589.8687
4.3163, 590.4746
4.3163, 591.0804
4.2822, 591.0804
4.2484, 591.6863
4.2484, 592.2922
4.2484, 592.898
4.2149, 593.5039
4.1816, 594.1097
4.1816, 594.7156
4.1816, 595.3214
4.1816, 595.9273
4.1816, 596.5332
4.1486, 597.139
4.1158, 597.7449
4.0833, 598.3507
4.0511, 598.9566
4.0191, 599.5624
4.0191, 600.1683
4.0191, 600.7742
3.9874, 601.38
3.9559, 601.9859
3.9559, 602.5917
3.9247, 603.1976
3.9247, 603.8034
3.9247, 604.4093
3.8937, 604.4093
3.863, 605.0151
3.863, 605.621
3.863, 606.2269
3.8325, 606.8327
3.8325, 607.4386
3.8022, 608.0444
3.8022, 608.6503
3.7722, 608.6503
3.7722, 609.2561
3.7424, 609.862
3.7128, 610.4679
3.7128, 611.0737
3.6835, 611.6796
3.6545, 612.2854
3.6545, 612.8913
3.6545, 613.4971
3.6256, 614.103
3.597, 614.7088
3.5686, 615.3147
3.5404, 615.9205
3.5125, 616.5264
3.5125, 617.1323
3.4847, 617.7381
3.4572, 618.3439
3.4572, 618.9498
3.4299, 619.5556
3.4028, 620.1616
3.4028, 620.7673
3.376, 621.3733
3.3493, 621.979
3.3229, 622.585
3.3229, 623.1908
3.2966, 623.7967
3.2966, 624.4026
3.2706, 624.4026
3.2706, 625.0084
3.2706, 625.6143
3.2706, 626.2201
3.2706, 626.826
3.2448, 627.4318
3.2448, 628.0377
3.2192, 628.0377
3.1938, 628.6436
3.1938, 629.2494
3.1686, 629.8553
3.1435, 630.4611
3.1435, 631.067
3.1187, 631.6728
3.0941, 632.2787
3.0941, 632.8846
3.0697, 633.4904
3.0697, 634.0963
3.0697, 634.7021
3.0454, 635.308
3.0214, 635.9138
3.0214, 636.5197
3.0214, 637.1255
3.0214, 637.7314
2.9975, 638.3373
2.9975, 638.9431
2.9975, 639.549
2.9739, 640.1548
2.9739, 640.7607
2.9739, 641.3665
2.9739, 641.9724
2.9739, 642.5783
2.9739, 643.1841
2.9504, 643.79
2.9504, 644.3958
2.9504, 645.0017
2.9271, 645.6075
2.904, 646.2134
2.904, 646.8193
2.904, 647.4251
2.904, 648.031
2.904, 648.6368
2.904, 649.2427
2.904, 649.8485
2.904, 650.4544
2.904, 651.0602
2.904, 651.6661
2.904, 652.272
2.8811, 652.8778
2.8811, 653.4837
2.8811, 654.0895
2.8582, 654.6954
2.8582, 655.3012
2.8582, 655.9071
2.8582, 656.513
2.8582, 657.1188
2.8582, 657.7247
2.8582, 658.3305
2.8582, 658.9364
2.8582, 659.5422
2.8582, 660.1481
2.8582, 660.754
2.8582, 661.3598
2.8357, 661.9657
2.8357, 662.5715
2.8357, 663.1774
2.8357, 663.7832
2.8357, 664.3891
2.8357, 664.995
2.8357, 665.6008
2.8357, 666.2067
2.8134, 666.8125
2.8134, 667.4184
2.8134, 668.0242
2.8134, 668.6301
2.7911, 669.2359
2.7911, 669.8418
2.7911, 670.4477
2.7911, 671.0535
2.7911, 671.6594
2.7911, 672.2652
2.7911, 672.8711
2.7911, 673.4769
2.7911, 674.0828
2.7911, 674.6886
2.7911, 675.2945
2.7911, 675.9003
2.7911, 676.5062
2.7911, 677.1121
2.7911, 677.7179
2.7911, 678.3237
2.7691, 678.9297
2.7691, 679.5354
2.7691, 680.1414
2.7473, 680.7471
2.7473, 681.3531
2.7473, 681.9588
2.7473, 682.5648
2.7473, 683.1706
2.7473, 683.7765
2.7473, 684.3824
2.7473, 684.9882
2.7473, 685.5941
2.7473, 686.1999
2.7473, 686.8058
2.7473, 687.4116
2.7473, 688.0175
2.7473, 688.6234
2.7256, 689.2292
2.7256, 689.8351
2.7256, 690.4409
2.7256, 691.0468
2.7256, 691.6526
2.7256, 692.2585
2.7256, 692.8643
2.7256, 693.4702
2.7256, 694.0761
2.7256, 694.6819
2.704, 695.2878
2.704, 695.8936
2.704, 696.4995
2.704, 697.1054
2.704, 697.7112
2.704, 698.3171
2.704, 698.9229
2.704, 699.5288
2.704, 700.1346
2.704, 700.7405
2.704, 701.3463
2.704, 701.9522
2.704, 702.5581
2.704, 703.1639
2.704, 703.7698
2.704, 704.3756
2.704, 704.9815
2.704, 705.5873
2.6827, 706.1932
2.6827, 706.7991
2.6827, 707.4049
2.6827, 708.0108
2.6827, 708.6166
2.6827, 709.2225
2.6827, 709.8283
2.6827, 710.4342
2.6827, 711.0401
2.6827, 711.6459
2.6827, 712.2518
2.6827, 712.8576
2.6827, 713.4635
2.6827, 714.0693
2.6827, 714.6752
2.6827, 715.2811
2.6827, 715.8869
2.6827, 716.4928
2.6827, 717.0986
2.6827, 717.7045
2.6615, 718.3103
2.6615, 718.9162
2.6615, 719.522
2.6615, 720.1279
2.6615, 720.7338
2.6615, 721.3396
2.6615, 721.9455
2.6615, 722.5513
2.6615, 723.1572
2.6615, 723.763
2.6615, 724.3689
2.6615, 724.9748
2.6615, 725.5806
2.6615, 726.1865
2.6615, 726.7923
2.6615, 727.3982
2.6615, 728.004
2.6615, 728.6099
2.6615, 729.2158
2.6615, 729.8216
2.6615, 730.4275
2.6615, 731.0333
2.6615, 731.6392
2.6615, 732.245
2.6615, 732.8509
2.6615, 733.4567
2.6615, 734.0626
2.6615, 734.6684
2.6615, 735.2743
2.6615, 735.8801
2.6615, 736.486
2.6615, 737.0919
2.6615, 737.6977
2.6615, 738.3035
2.6615, 738.9095
2.6615, 739.5152
2.6615, 740.1212
2.6615, 740.7269
2.6615, 741.3329
2.6615, 741.9386
2.6615, 742.5446
2.6615, 743.1505
2.6615, 743.7563
2.6615, 744.3622
2.6615, 744.968
2.6615, 745.5739
2.6827, 746.1797
2.6827, 746.7856
2.6827, 747.3915
2.6827, 747.9973
2.6827, 748.6032
2.6827, 749.209
2.6827, 749.8149
2.6827, 750.4207
2.6827, 751.0266
2.6827, 751.6324
2.6827, 752.2383
2.6827, 752.8441
2.6827, 753.45
2.6827, 754.0559
2.6827, 754.6617
2.6827, 755.2676
2.6827, 755.8734
2.6827, 756.4793
2.6827, 757.0852
2.6827, 757.6909
2.6827, 758.2969
2.704, 758.9026
2.704, 759.5086
2.704, 760.1144
2.704, 760.7203
2.704, 761.3262
2.704, 761.932
2.704, 762.5379
2.704, 763.1437
2.704, 763.7496
2.704, 764.3554
2.7256, 764.9613
2.7256, 765.5671
2.7256, 766.173
2.7473, 766.7789
2.7473, 767.3847
2.7473, 767.9906
2.7473, 768.5964
2.7473, 769.2023
2.7473, 769.8081
2.7473, 770.414
2.7473, 771.0199
2.7473, 771.6257
2.7473, 772.2316
2.7473, 772.8374
2.7473, 773.4433
2.7473, 774.0491
2.7691, 774.655
2.7691, 775.2609
2.7691, 775.8667
2.7911, 776.4726
2.7911, 777.0784
2.7911, 777.6843
2.7911, 778.2901
2.7911, 778.896
2.7911, 779.5019
2.7911, 780.1077
2.7911, 780.7136
2.7911, 781.3194
2.7911, 781.9253
2.7911, 782.5311
2.7911, 783.137
2.7911, 783.7428
2.7911, 784.3487
2.8134, 784.9546
2.8134, 785.5604
2.8134, 786.1663
2.8134, 786.7721
2.8134, 787.378
2.8134, 787.9838
2.8357, 788.5897
2.8357, 789.1956
2.8357, 789.8014
2.8357, 790.4073
2.8357, 791.0131
2.8582, 791.619
2.8582, 792.2248
2.8582, 792.8307
2.8582, 793.4365
2.8582, 794.0424
2.8582, 794.6482
2.8582, 795.2541
2.8811, 795.8599
2.904, 796.4658
2.904, 797.0717
2.904, 797.6775
2.904, 798.2833
2.904, 798.8893
2.904, 799.495
2.904, 800.101
2.9271, 800.7067
2.9271, 801.3127
2.9504, 801.9184
2.9504, 802.5244
2.9739, 802.5244
2.9739, 803.1303
2.9975, 803.7361
2.9975, 804.342
3.0214, 804.9478
3.0214, 805.5537
3.0214, 806.1595
3.0454, 806.1595
3.0697, 806.7654
3.0697, 807.3713
3.0697, 807.9771
3.0941, 808.583
3.1187, 809.1888
3.1435, 809.7947
3.1686, 810.4005
3.1938, 811.0064
3.1938, 811.6122
3.1938, 812.2181
3.2192, 812.8239
3.2448, 813.4298
3.2706, 814.0357
3.2966, 814.6415
3.3229, 815.2474
3.3493, 815.8532
3.3493, 816.4591
3.376, 816.4591
3.376, 817.065
3.376, 817.6707
3.376, 818.2767
3.4028, 818.8824
3.4299, 819.4884
3.4572, 820.0942
3.4572, 820.7001
3.4847, 821.306
3.4847, 821.9118
3.5125, 822.5177
3.5125, 823.1235
3.5125, 823.7294
3.5404, 824.3352
3.5404, 824.9411
3.5686, 825.547
3.5686, 826.1528
3.5686, 826.7587
3.5686, 827.3645
3.5686, 827.9704
3.5686, 828.5762
3.597, 829.1821
3.6256, 829.788
3.6256, 830.3938
3.6256, 830.9997
3.6545, 831.6055
3.6545, 832.2114
3.6545, 832.8172
3.6545, 833.4231
3.6835, 834.0289
3.7128, 834.6348
3.7128, 835.2407
3.7128, 835.8465
3.7128, 836.4524
3.7128, 837.0582
3.7128, 837.6641
3.7424, 838.2699
3.7424, 838.8758
3.7722, 838.8758
3.8022, 839.4817
3.8022, 840.0875
3.8325, 840.6934
3.863, 841.2992
3.863, 841.9051
3.863, 842.5109
3.8937, 842.5109
3.9247, 843.1168
3.9247, 843.7227
3.9247, 844.3285
3.9247, 844.9344
3.9559, 845.5402
3.9874, 846.1461
4.0191, 846.7519
4.0511, 847.3578
4.0833, 847.9636
4.0833, 848.5695
4.1158, 849.1754
4.1158, 849.7812
4.1486, 850.3871
4.1486, 850.9929
4.1816, 850.9929
4.1816, 851.5988
4.2149, 852.2046
4.2149, 852.8105
4.2484, 853.4163
4.2484, 854.0222
4.2484, 854.628
4.2484, 855.2339
4.2822, 855.2339
4.3163, 855.8397
4.3163, 856.4456
4.3163, 857.0515
4.3163, 857.6574
4.3163, 858.2631
4.3507, 858.8691
4.3507, 859.4748
4.3853, 859.4748
4.3853, 860.0808
4.4202, 860.6865
4.4553, 861.2925
4.4553, 861.8984
4.4908, 862.5042
4.4908, 863.1101
4.4908, 863.7159
4.5265, 864.3218
4.5265, 864.9276
4.5265, 865.5335
4.5626, 866.1393
4.5626, 866.7452
4.5626, 867.3511
4.5626, 867.9569
4.5989, 868.5628
4.5989, 869.1686
4.6355, 869.7745
4.6723, 870.3803
4.6723, 870.9862
4.7095, 871.592
4.7095, 872.1979
4.7469, 872.8037
4.7469, 873.4096
4.7469, 874.0155
4.7469, 874.6213
4.7469, 875.2272
4.7469, 875.8331
4.7848, 876.4389
4.8229, 877.0448
4.8229, 877.6505
4.8612, 877.6505
4.8612, 878.2565
4.8999, 878.8622
4.8999, 879.4682
4.9388, 880.074
4.9388, 880.6799
4.9388, 881.2858
4.9388, 881.8916
4.9388, 882.4975
4.9388, 883.1033
4.9388, 883.7092
4.9782, 884.315
5.0178, 884.9209
5.0178, 885.5268
5.0178, 886.1326
5.0178, 886.7385
5.0578, 887.3443
5.0578, 887.9502
5.098, 888.556
5.098, 889.1619
5.1386, 889.7678
5.1386, 890.3736
5.1386, 890.9795
5.1386, 891.5853
5.1386, 892.1912
5.1795, 892.797
5.2207, 893.4029
5.2207, 894.0088
5.2207, 894.6146
5.2207, 895.2205
5.2207, 895.8263
5.2207, 896.4322
5.2622, 897.038
5.3041, 897.6439
5.3041, 898.2497
5.3041, 898.8556
5.3041, 899.4615
5.3041, 900.0673
5.3041, 900.6732
5.3041, 901.279
5.3463, 901.8849
5.3463, 902.4907
5.3889, 903.0966
5.4317, 903.7025
5.4317, 904.3083
5.4317, 904.9142
5.475, 905.52
5.5185, 906.1259
5.5185, 906.7317
5.5185, 907.3376
5.5185, 907.9435
5.5185, 908.5493
5.5625, 909.1552
5.6067, 909.761
5.6067, 910.3669
5.6513, 910.9727
5.6513, 911.5786
5.6513, 912.1844
5.6513, 912.7903
5.6963, 913.3961
5.7416, 914.002
5.7416, 914.6078
5.7416, 915.2137
5.7416, 915.8195
5.7416, 916.4254
5.7873, 917.0313
5.8334, 917.6372
5.8334, 918.2429
5.8798, 918.2429
5.8798, 918.8489
5.9266, 919.4546
5.9266, 920.0606
5.9738, 920.6663
5.9738, 921.2723
6.0213, 921.8782
6.0213, 922.484
6.0692, 922.484
6.1175, 923.0899
6.1175, 923.6957
6.1662, 924.3016
6.2153, 924.9074
6.2647, 925.5133
6.3146, 926.1192
6.3146, 926.725
6.3146, 927.3309
6.3648, 927.9367
6.4155, 927.9367
6.4155, 928.5426
6.4665, 928.5426
6.518, 929.1484
6.5699, 929.7543
6.5699, 930.3601
6.6221, 930.966
6.6747, 931.5718
6.728, 931.5718
6.7814, 932.1777
6.8355, 932.1777
6.8355, 932.7835
6.8899, 932.7835
6.9447, 933.3894
6.9999, 933.9952
7.0556, 934.6011
7.1118, 934.6011
7.1118, 935.207
7.1684, 935.207
7.2254, 935.8129
7.2829, 936.4187
7.3409, 937.0246
7.3993, 937.6303
7.4582, 937.6303
7.4582, 938.2363
7.5175, 938.2363
7.5774, 938.2363
7.6377, 938.2363
7.6984, 938.2363
7.7597, 938.842
7.8215, 939.448
7.8837, 940.0539
7.9464, 940.6597
8.0097, 940.6597
8.0097, 941.2656
8.0734, 941.2656
8.1377, 941.2656
8.2024, 941.2656
8.2677, 941.2656
8.3335, 941.8714
8.3998, 942.4773
8.4666, 943.0831
8.534, 943.689
8.6019, 943.689
8.6703, 944.2949
8.7393, 944.2949
8.8089, 944.2949
8.8089, 944.9007
8.879, 945.5066
8.9497, 945.5066
9.0209, 945.5066
9.0927, 946.1124
9.165, 946.7183
9.238, 947.3241
9.3115, 947.3241
9.3115, 947.93
9.3856, 948.5358
9.4603, 948.5358
9.5356, 948.5358
9.6114, 949.1417
9.6879, 949.7476
9.765, 950.3534
9.8427, 950.3534
9.9211, 950.9593
10.0, 951.5651
10.0796, 951.5651
10.1598, 952.171
10.2406, 952.7768
10.3221, 952.7768
10.4043, 953.3827
10.487, 953.3827
10.487, 953.9886
10.5705, 953.9886
10.6545, 953.9886
10.7393, 954.5944
10.8249, 954.5944
10.911, 954.5944
10.9979, 954.5944
11.0854, 954.5944
11.1736, 954.5944
11.2625, 955.2003
11.3521, 955.8061
11.4425, 955.8061
11.5335, 955.8061
11.6253, 955.8061
11.7178, 955.8061
11.8111, 955.8061
11.9051, 956.412
11.9998, 956.412
12.0953, 957.0178
12.1915, 957.0178
12.2886, 957.0178
12.3862, 957.0178
12.4849, 957.0178
12.5843, 957.6237
12.6844, 957.6237
12.7852, 957.6237
12.8871, 957.6237
12.9896, 957.6237
13.093, 958.2296
13.1972, 958.2296
13.3022, 958.8354
13.4081, 958.8354
13.5148, 958.8354
13.6223, 958.8354
13.7307, 958.8354
13.8399, 958.8354
13.9501, 958.8354
14.0611, 959.4413
14.173, 959.4413
14.2858, 959.4413
14.3995, 960.0471
14.5141, 960.0471
14.6296, 960.0471
14.746, 960.0471
14.8634, 960.0471
14.9816, 960.0471
15.1009, 960.0471
15.221, 960.0471
15.3422, 960.653
15.4642, 960.653
15.5873, 960.653
15.7113, 960.653
15.8364, 960.653
15.9624, 961.2588
16.0894, 961.2588
16.2175, 961.2588
16.3465, 961.8647
16.4766, 961.8647
16.6077, 961.8647
16.7399, 961.8647
16.8731, 961.8647
17.0074, 961.8647
17.1427, 961.8647
17.2791, 961.8647
17.4166, 962.4705
17.5552, 962.4705
17.6949, 963.0764
17.8357, 963.0764
17.9777, 963.0764
18.1207, 963.0764
18.2649, 963.0764
18.4102, 963.0764
18.5568, 963.0764
18.7044, 963.0764
18.8533, 963.0764
19.0033, 963.6823
19.1545, 963.6823
19.307, 964.2881
19.4606, 964.2881
19.6155, 964.2881
19.7715, 964.2881
19.9289, 964.2881
20.0875, 964.2881
20.2474, 964.894
20.4085, 964.894
20.5709, 964.894
20.7346, 964.894
20.8996, 964.894
21.0659, 964.894
21.2335, 964.894
21.4025, 965.4998
21.5728, 965.4998
21.7445, 965.4998
21.9175, 966.1057
22.092, 966.1057
22.2678, 966.1057
22.445, 966.1057
22.6236, 966.1057
22.8035, 966.1057
22.9851, 966.1057
23.168, 966.1057
23.3523, 966.1057
23.5382, 966.7115
23.7255, 966.7115
23.9143, 966.7115
24.1046, 967.3174
24.2964, 967.3174
24.4898, 967.3174
24.6846, 967.3174
24.8811, 967.9233
25.0791, 967.9233
25.2786, 967.9233
25.4798, 967.9233
25.6825, 967.9233
25.887, 967.9233
26.093, 967.9233
26.3006, 967.9233
26.5099, 968.5291
26.7208, 968.5291
26.9335, 968.5291
27.1478, 968.5291
27.3639, 968.5291
27.5816, 969.135
27.8011, 969.135
28.0223, 969.135
28.2453, 969.135
28.4701, 969.135
28.6966, 969.135
28.925, 969.135
29.1552, 969.7408
29.3872, 969.7408
29.6211, 970.3467
29.8568, 970.3467
30.0944, 970.3467
30.3338, 970.3467
30.5753, 970.3467
30.8186, 970.3467
31.0638, 970.3467
31.311, 970.3467
31.5602, 970.3467
31.8113, 970.3467
32.0645, 970.9525
32.3195, 970.9525
32.5768, 970.9525
32.8361, 970.9525
33.0974, 971.5584
33.3607, 971.5584
33.6261, 971.5584
33.8938, 971.5584
34.1635, 972.1643
34.4354, 972.1643
34.7094, 972.1643
34.9856, 972.1643
35.264, 972.1643
35.5447, 972.1643
35.8275, 972.1643
36.1126, 972.1643
36.4, 972.1643
36.6897, 972.1643
36.9816, 972.7701
37.2759, 972.7701
37.5726, 973.376
37.8716, 973.376
38.1729, 973.376
38.4767, 973.376
38.7829, 973.376
39.0915, 973.376
39.4026, 973.376
39.7162, 973.376
40.0322, 973.376
40.3508, 973.376
40.6719, 973.9818
40.9955, 973.9818
41.3218, 974.5877
41.6505, 974.5877
41.9821, 974.5877
42.3161, 974.5877
42.6529, 974.5877
42.9923, 974.5877
43.3344, 974.5877
43.6793, 975.1935
44.0269, 975.1935
44.3772, 975.1935
44.7304, 975.1935
45.0863, 975.1935
45.4451, 975.1935
45.8067, 975.1935
46.1713, 975.7993
46.5387, 975.7993
46.909, 975.7993
47.2823, 975.7993
47.6585, 975.7993
48.0378, 976.4053
48.4201, 976.4053
48.8054, 976.4053
49.1938, 976.4053
49.5853, 976.4053
49.9799, 976.4053
50.3776, 976.4053
50.7785, 976.4053
51.1826, 976.4053
51.5899, 977.0111
52.0004, 977.0111
52.4142, 977.617
52.8313, 977.617
53.2518, 977.617
53.6755, 977.617
54.1027, 977.617
54.5332, 977.617
54.9672, 977.617
55.4046, 977.617
55.8455, 978.2227
56.2899, 978.2227
56.7378, 978.2227
57.1893, 978.2227
57.6444, 978.2227
58.1031, 978.8287
58.5655, 978.8287
59.0316, 978.8287
59.5013, 978.8287
59.9748, 978.8287
60.4521, 978.8287
60.9332, 978.8287
61.4181, 979.4344
61.9068, 979.4344
62.3994, 979.4344
62.896, 979.4344
63.3965, 979.4344
63.901, 979.4344
64.4095, 979.4344
64.9221, 979.4344
65.4386, 979.4344
65.9595, 979.4344
66.4844, 980.0404
67.0134, 980.0404
67.5467, 980.0404
68.0842, 980.0404
68.626, 980.0404
69.1721, 980.6461
69.7226, 980.6461
70.2774, 980.6461
70.8367, 980.6461
71.4003, 980.6461
71.9686, 980.6461
72.5413, 980.6461
73.1185, 980.6461
73.7004, 980.6461
74.2869, 980.6461
74.878, 980.6461
75.4739, 980.6461
76.0745, 980.6461
76.6799, 980.6461
77.2901, 980.6461
77.9052, 980.6461
78.5251, 981.2521
79.15, 981.2521
79.7799, 981.2521
80.4147, 981.2521
81.0547, 981.2521
81.6997, 981.2521
82.3498, 981.2521
83.0051, 981.2521
83.6657, 981.858
84.3315, 981.858
85.0026, 981.858
85.679, 981.858
86.3608, 981.858
87.048, 981.858
87.7408, 981.858
88.439, 981.858
89.1428, 981.858
89.8521, 982.4638
90.5672, 982.4638
91.2879, 982.4638
92.0143, 982.4638
92.7465, 982.4638
93.4846, 982.4638
94.2285, 982.4638
94.9784, 982.4638
95.7342, 982.4638
96.496, 982.4638
97.2639, 982.4638
98.0379, 982.4638
98.8181, 982.4638
99.6045, 982.4638
100.3971, 982.4638
101.196, 982.4638
102.0013, 982.4638
102.813, 982.4638
103.6312, 982.4638
104.4559, 982.4638
105.2871, 982.4638
106.125, 982.4638
106.9695, 982.4638
107.8207, 982.4638
108.6787, 982.4638
109.5436, 982.4638
110.4153, 982.4638
111.294, 982.4638
112.1796, 982.4638
113.0723, 983.0697
113.9721, 983.0697
114.8791, 983.0697
115.7933, 983.0697
116.7147, 983.0697
117.6435, 983.0697
118.5796, 983.0697
119.5232, 983.6755
120.4745, 983.6755
121.4332, 983.6755
122.3995, 983.6755
123.3735, 983.6755
124.3553, 983.6755
125.3449, 983.6755
126.3424, 983.6755
127.3477, 983.6755
128.3612, 983.6755
129.3827, 983.6755
130.4123, 983.6755
131.4501, 983.6755
132.4961, 983.6755
133.5505, 983.6755
134.6132, 983.6755
135.6844, 983.6755
136.7642, 983.6755
137.8525, 983.6755
138.9495, 983.6755
140.0553, 983.6755
141.1698, 983.6755
142.2932, 983.6755
143.4255, 983.6755
144.5669, 983.6755
145.7173, 983.6755
146.8769, 983.6755
148.0457, 983.6755
149.2238, 983.6755
150.4113, 983.6755
151.6082, 983.6755
152.8147, 984.2814
154.0308, 984.2814
155.2565, 984.2814
156.492, 984.2814
157.7374, 984.2814
158.9926, 984.2814
160.2578, 984.2814
161.5331, 984.2814
162.8186, 984.2814
164.1143, 984.2814
165.4202, 984.2814
166.7366, 984.2814
168.0635, 984.2814
169.4009, 984.2814
170.7489, 984.2814
172.1077, 984.2814
173.4773, 984.2814
174.8578, 984.2814
176.2493, 984.2814
177.6518, 984.2814
179.0656, 984.2814
180.4905, 984.2814
181.9268, 984.2814
183.3746, 984.2814
184.8338, 984.8872
186.3047, 984.8872
187.7872, 984.8872
189.2816, 984.8872
190.7879, 984.8872
192.3061, 984.8872
193.8365, 984.8872
195.379, 984.8872
196.9337, 984.8872
198.5009, 984.8872
200.0805, 984.8872
201.6726, 984.8872
203.2776, 984.8872
204.8952, 984.8872
206.5257, 984.8872
208.1692, 984.8872
209.8258, 984.8872
211.4955, 984.8872
213.1786, 984.8872
214.875, 984.8872
216.5849, 984.8872
218.3085, 985.4931
220.0457, 985.4931
221.7968, 985.4931
223.5617, 985.4931
225.3409, 985.4931
227.1341, 985.4931
228.9415, 985.4931
230.7633, 985.4931
232.5998, 985.4931
234.4508, 985.4931
236.3165, 985.4931
238.197, 985.4931
240.0925, 985.4931
242.0031, 985.4931
243.9289, 985.4931
245.87, 985.4931
247.8267, 985.4931
249.7988, 985.4931
251.7867, 985.4931
253.7903, 985.4931
255.8098, 985.4931
257.8456, 985.4931
259.8975, 985.4931
261.9657, 985.4931
264.0503, 985.4931
266.1516, 985.4931
268.2696, 985.4931
270.4043, 985.4931
272.5562, 985.4931
274.7252, 985.4931
276.9114, 985.4931
279.115, 985.4931
281.3361, 985.4931
283.5749, 985.4931
285.8315, 986.099
288.1061, 986.099
290.3988, 986.099
292.7097, 986.099
295.0391, 986.099
297.3869, 986.099
299.7534, 986.099
302.1388, 986.099
304.5432, 986.099
306.9667, 986.099
309.4094, 986.099
311.8717, 986.099
314.3535, 986.099
316.855, 986.7048
319.3765, 986.7048
321.918, 986.7048
324.4798, 986.7048
327.0619, 986.7048
329.6646, 986.7048
332.288, 986.7048
334.9323, 986.7048
337.5976, 986.7048
340.2841, 986.7048
342.992, 986.7048
345.7215, 986.7048
348.4726, 986.7048
351.2457, 986.7048
354.0408, 986.7048
356.8582, 986.7048
359.698, 986.7048
362.5604, 986.7048
365.4456, 986.7048
368.3537, 986.7048
371.285, 986.7048
374.2396, 986.7048
377.2177, 986.7048
380.2195, 986.7048
383.2452, 986.7048
386.295, 986.7048
389.3691, 986.7048
392.4676, 986.7048
395.5907, 986.7048
398.7388, 986.7048
401.9118, 986.7048
405.1102, 986.7048
408.334, 986.7048
411.5834, 986.7048
414.8587, 986.7048
418.16, 986.7048
421.4876, 986.7048
424.8418, 986.7048
428.2226, 986.7048
431.6303, 986.7048
435.0651, 986.7048
438.5272, 986.7048
442.0169, 986.7048
445.5344, 986.7048
449.0799, 986.7048
452.6535, 986.7048
456.2557, 986.7048
459.8864, 987.3107
463.5461, 987.3107
467.2349, 987.3107
470.9531, 987.3107
474.7008, 987.3107
478.4784, 987.3107
482.286, 987.3107
486.1239, 987.3107
489.9924, 987.3107
493.8916, 987.3107
497.8218, 987.3107
501.7835, 987.3107
505.7766, 987.3107
509.8014, 987.3107
513.8582, 987.3107
517.9475, 987.3107
522.0692, 987.3107
526.2237, 987.9165
530.4113, 987.9165
534.6322, 987.9165
538.8866, 987.9165
543.175, 987.9165
547.4974, 987.9165
551.8542, 987.9165
556.2458, 987.9165
560.6723, 987.9165
565.134, 987.9165
569.6312, 987.9165
574.1642, 987.9165
578.7332, 987.9165
583.3387, 987.9165
587.9808, 987.9165
592.6599, 987.9165
597.3761, 987.9165
602.1299, 987.9165
606.9215, 987.9165
611.7513, 987.9165
616.6194, 987.9165
621.5264, 987.9165
626.4723, 987.9165
631.4577, 987.9165
636.4827, 987.9165
641.5476, 987.9165
646.6529, 987.9165
651.7989, 987.9165
656.9857, 987.9165
662.2139, 987.9165
667.4836, 987.9165
672.7953, 987.9165
678.1493, 987.9165
683.5457, 987.9165
688.9853, 987.9165
694.4681, 987.9165
699.9946, 987.9165
705.565, 987.9165
711.1797, 987.9165
716.8391, 988.5224
722.5434, 988.5224
728.2934, 988.5224
734.089, 988.5224
739.9306, 988.5224
745.8189, 988.5224
751.754, 988.5224
757.7363, 988.5224
763.7662, 988.5224
769.8439, 988.5224
775.9703, 988.5224
782.1453, 988.5224
788.3694, 988.5224
794.6431, 988.5224
800.9667, 988.5224
807.3406, 988.5224
813.7652, 988.5224
820.241, 988.5224
826.7683, 988.5224
833.3475, 988.5224
839.979, 988.5224
846.6635, 988.5224
853.4011, 988.5224
860.1922, 988.5224
867.0375, 988.5224
873.9372, 988.5224
880.8918, 988.5224
887.9017, 988.5224
894.9674, 989.1282
902.0894, 989.1282
909.268, 989.1282
916.5038, 989.1282
923.7971, 989.1282
931.1485, 989.7341
938.5583, 989.7341
946.0272, 989.7341
953.5554, 989.7341
961.1436, 989.7341
968.7922, 989.7341
976.5016, 989.7341
984.2724, 989.7341
992.105, 989.7341
1000.0, 989.7341
1007.9578, 989.7341
1015.9788, 989.7341
1024.0638, 989.7341
1032.2131, 989.7341
1040.4272, 989.7341
1048.7067, 989.7341
1057.0521, 989.7341
1065.4639, 989.7341
1073.9426, 989.7341
1082.4888, 989.7341
1091.103, 989.7341
1099.7858, 989.7341
1108.5375, 989.7341
1117.3591, 989.7341
1126.2508, 989.7341
1135.2133, 989.7341
1144.2469, 989.7341
1153.3527, 989.7341
1162.5308, 989.7341
1171.782, 989.7341
1181.1068, 989.7341
1190.5058, 989.7341
1199.9795, 989.7341
1209.5287, 989.7341
1219.1539, 989.7341
1228.8556, 989.7341
1238.6346, 989.7341
1248.4914, 989.7341
1258.4266, 989.7341
1268.4409, 989.7341
1278.5348, 989.7341
1288.709, 989.7341
1298.9644, 989.7341
1309.3013, 989.7341
1319.7204, 989.7341
1330.2224, 989.7341
1340.8081, 989.7341
1351.4779, 989.7341
1362.2327, 989.7341
1373.073, 989.7341
1383.9996, 989.7341
1395.0132, 989.7341
1406.1144, 990.34
1417.3039, 990.34
1428.5825, 990.34
1439.9508, 990.34
1451.4097, 990.34
1462.9597, 990.34
1474.6016, 990.34
1486.3361, 990.34
1498.1641, 990.34
1510.0861, 990.34
1522.1031, 990.34
1534.2156, 990.34
1546.4245, 990.34
1558.7307, 990.9458
1571.1347, 990.9458
1583.6375, 990.9458
1596.2397, 990.9458
1608.9422, 990.9458
1621.7458, 990.9458
1634.6513, 990.9458
1647.6595, 990.9458
1660.7711, 990.9458
1673.9872, 990.9458
1687.3085, 990.9458
1700.7357, 990.9458
1714.2698, 990.9458
1727.9116, 990.9458
1741.6619, 990.9458
1755.5217, 990.9458
1769.4917, 990.9458
1783.573, 990.9458
1797.7662, 990.9458
1812.0725, 990.9458
1826.4925, 990.9458
1841.0274, 990.9458
1855.6778, 990.9458
1870.4449, 990.9458
1885.3295, 990.9458
1900.3325, 990.9458
1915.455, 990.9458
1930.6977, 990.9458
1946.0618, 990.9458
1961.5481, 990.9458
1977.1577, 990.9458
1992.8915, 990.9458
2008.7505, 990.9458
2024.7357, 990.9458
2040.8481, 990.9458
2057.0887, 990.9458
2073.4585, 990.9458
2089.9586, 990.9458
2106.5901, 990.9458
2123.3538, 990.9458
2140.251, 990.9458
2157.2827, 990.9458
2174.4499, 990.9458
2191.7536, 990.9458
2209.1951, 991.5516
2226.7753, 991.5516
2244.4956, 991.5516
2262.3568, 991.5516
2280.3601, 991.5516
2298.5067, 991.5516
2316.7978, 991.5516
2335.2343, 991.5516
2353.8176, 991.5516
2372.5488, 991.5516
2391.429, 991.5516
2410.4594, 991.5516
2429.6413, 991.5516
2448.9759, 991.5516
2468.4643, 991.5516
2488.1078, 992.1575
2507.9076, 992.1575
2527.865, 992.1575
2547.9811, 992.1575
2568.2574, 992.1575
2588.6951, 992.1575
2609.2953, 992.1575
2630.0594, 992.1575
2650.9889, 992.1575
2672.0849, 992.1575
2693.3488, 992.1575
2714.7819, 992.1575
2736.3855, 992.1575
2758.1611, 992.1575
2780.1099, 992.1575
2802.2334, 992.1575
2824.5329, 992.7633
2847.0099, 992.7633
2869.6658, 992.7633
2892.502, 992.7633
2915.5199, 992.7633
2938.7208, 992.7633
2962.1066, 992.7633
2985.6784, 992.7633
3009.4378, 992.7633
3033.3862, 992.7633
3057.5252, 992.7633
3081.8564, 992.7633
3106.3811, 992.7633
3131.101, 992.7633
3156.0176, 992.7633
3181.1325, 992.7633
3206.4472, 992.7633
3231.9634, 992.7633
3257.6827, 992.7633
3283.6066, 992.7633
3309.7368, 992.7633
3336.075, 992.7633
3362.6227, 992.7633
3389.3817, 992.7633
3416.3537, 992.7633
3443.5402, 992.7633
3470.9432, 992.7633
3498.5642, 992.7633
3526.405, 992.7633
3554.4673, 992.7633
3582.753, 992.7633
3611.2637, 992.7633
3640.0014, 992.7633
3668.9677, 992.7633
3698.1645, 992.7633
3727.5937, 992.7633
3757.257, 992.7633
3787.1565, 992.7633
3817.2939, 992.7633
3847.671, 992.7633
3878.29, 992.7633
3909.1525, 992.7633
3940.2607, 992.7633
3971.6164, 992.7633
4003.2217, 992.7633
4035.0784, 992.7633
4067.1887, 993.3692
4099.5545, 993.3692
4132.1778, 993.3692
4165.0608, 993.3692
4198.2054, 993.3692
4231.6138, 993.975
4265.288, 993.975
4299.2303, 993.975
4333.4426, 993.975
4367.9272, 993.975
4402.6862, 993.975
4437.7218, 993.975
4473.0362, 993.975
4508.6316, 993.975
4544.5103, 993.975
4580.6745, 993.975
4617.1265, 993.975
4653.8686, 993.975
4690.903, 993.975
4728.2322, 993.975
4765.8584, 993.975
4803.7841, 993.975
4842.0115, 993.975
4880.5432, 993.975
4919.3814, 993.975
4958.5288, 993.975
4997.9877, 993.975
5037.7606, 993.975
5077.8498, 993.975
5118.2583, 993.975
5158.9883, 993.975
5200.0424, 993.975
5241.4232, 993.975
5283.1333, 993.975
5325.1753, 993.975
5367.5518, 993.975
5410.2656, 993.975
5453.3193, 993.975
5496.7156, 993.975
5540.4573, 993.975
5584.547, 993.975
5628.9876, 993.975
5673.7818, 993.975
5718.9325, 993.975
5764.4425, 993.975
5810.3147, 993.975
5856.5518, 993.975
5903.157, 993.975
5950.1331, 993.975
5997.4828, 993.975
6045.2095, 993.975
6093.316, 993.975
6141.8052, 993.975
6190.6804, 994.5809
6239.9444, 994.5809
6289.6005, 994.5809
6339.6518, 994.5809
6390.1013, 994.5809
6440.9523, 994.5809
6492.208, 994.5809
6543.8716, 994.5809
6595.9463, 994.5809
6648.4353, 994.5809
6701.3421, 994.5809
6754.6699, 995.1868
6808.4221, 995.1868
6862.6019, 995.1868
6917.2131, 995.1868
6972.2587, 995.1868
7027.7424, 995.1868
7083.6676, 995.1868
7140.0379, 995.1868
7196.8567, 995.1868
7254.1277, 995.1868
7311.8545, 995.1868
7370.0406, 995.1868
7428.6897, 995.1868
7487.8056, 995.1868
7547.3919, 995.1868
7607.4524, 995.1868
7667.9908, 995.1868
7729.011, 995.1868
7790.5167, 995.1868
7852.5119, 995.7927
7915.0005, 995.7927
7977.9863, 995.7927
8041.4734, 995.7927
8105.4656, 995.7927
8169.967, 995.7927
8234.9819, 995.7927
8300.5141, 995.7927
8366.5676, 995.7927
8433.147, 995.7927
8500.2562, 995.7927
8567.8993, 995.7927
8636.0808, 995.7927
8704.8048, 995.7927
8774.0757, 995.7927
8843.8979, 995.7927
8914.2756, 995.7927
8985.2135, 995.7927
9056.7158, 995.7927
9128.7871, 995.7927
9201.432, 995.7927
9274.655, 995.7927
9348.4606, 995.7927
9422.8536, 995.7927
9497.8386, 995.7927
9573.4203, 995.7927
9649.6035, 995.7927
9726.3929, 995.7927
9803.7933, 995.7927
9881.8098, 995.7927
9960.447, 995.7927
10039.71, 995.7927
10119.6038, 995.7927
10200.1334, 995.7927
10281.3038, 995.7927
10363.1202, 995.7927
10445.5876, 995.7927
10528.7112, 995.7927
10612.4964, 995.7927
10696.9483, 995.7927
10782.0722, 995.7927
10867.8736, 996.3985
10954.3577, 996.3985
11041.5301, 996.3985
11129.3961, 996.3985
11217.9614, 996.3985
11307.2315, 996.3985
11397.2119, 996.3985
11487.9083, 996.3985
11579.3266, 996.3985
11671.4723, 996.3985
11764.3513, 996.3985
11857.9694, 996.3985
11952.3325, 996.3985
12047.4466, 996.3985
12143.3175, 996.3985
12239.9513, 996.3985
12337.3541, 996.3985
12435.5321, 996.3985
12534.4913, 997.0044
12634.238, 997.0044
12734.7785, 997.0044
12836.119, 997.0044
12938.266, 997.0044
13041.2259, 997.0044
13145.0051, 997.0044
13249.6101, 997.0044
13355.0476, 997.0044
13461.3241, 997.0044
13568.4463, 997.0044
13676.421, 997.0044
13785.2549, 997.0044
13894.9548, 997.0044
14005.5279, 997.0044
14116.9808, 997.0044
14229.3206, 997.0044
14342.5544, 997.0044
14456.6893, 997.0044
14571.7324, 997.0044
14687.6909, 997.0044
14804.5724, 997.0044
14922.3839, 997.0044
15041.133, 997.0044
15160.827, 997.0044
15281.4735, 997.0044
15403.0801, 997.0044
15525.6543, 997.0044
15649.2041, 997.0044
15773.737, 997.0044
15899.2609, 997.6101
16025.7837, 997.6101
16153.3134, 997.6101
16281.8578, 997.6101
16411.4253, 997.6101
16542.0238, 997.6101
16673.6615, 997.6101
16806.3468, 997.6101
16940.088, 997.6101
17074.8935, 997.6101
17210.7717, 997.6101
17347.7311, 997.6101
17485.7806, 997.6101
17624.9285, 997.6101
17765.1839, 997.6101
17906.5553, 997.6101
18049.0517, 997.6101
18192.6821, 997.6101
18337.4554, 997.6101
18483.3808, 998.2161
18630.4675, 998.2161
18778.7246, 998.2161
18928.1615, 998.2161
19078.7877, 998.2161
19230.6124, 998.2161
19383.6454, 998.2161
19537.8961, 998.2161
19693.3744, 998.2161
19850.0899, 998.2161
20008.0525, 998.2161
20167.2722, 998.2161
20327.7589, 998.2161
20489.5227, 998.2161
20652.5737, 998.2161
20816.9224, 998.2161
20982.5789, 998.2161
21149.5535, 998.2161
21317.857, 998.2161
21487.4998, 998.2161
21658.4926, 998.2161
21830.846, 998.2161
22004.5711, 998.2161
22179.6785, 998.2161
22356.1796, 998.2161
22534.0852, 998.2161
22713.4064, 998.2161
22894.1547, 998.2161
23076.3413, 998.2161
23259.9777, 998.2161
23445.0755, 998.2161
23631.6461, 998.2161
23819.7016, 998.2161
24009.2535, 998.8218
24200.3138, 998.8218
24392.8946, 998.8218
24587.0078, 998.8218
24782.6658, 998.8218
24979.8808, 998.8218
25178.6652, 998.8218
25379.0314, 998.8218
25580.9921, 998.8218
25784.56, 998.8218
25989.7478, 998.8218
26196.5685, 998.8218
26405.035, 998.8218
26615.1604, 998.8218
26826.958, 998.8218
27040.4409, 998.8218
27255.6228, 998.8218
27472.517, 998.8218
27691.1372, 998.8218
27911.4971, 998.8218
28133.6107, 998.8218
28357.4917, 998.8218
28583.1544, 998.8218
28810.6128, 998.8218
29039.8813, 998.8218
29270.9742, 999.4278
29503.9062, 999.4278
29738.6917, 999.4278
29975.3456, 999.4278
30213.8828, 999.4278
30454.3182, 999.4278
30696.6669, 999.4278
30940.9442, 999.4278
31187.1654, 999.4278
31435.346, 999.4278
31685.5015, 999.4278
31937.6477, 999.4278
32191.8004, 999.4278
32447.9757, 999.4278
32706.1895, 999.4278
32966.4581, 1000.0337
33228.7979, 1000.0337
33493.2253, 1000.0337
33759.757, 1000.0337
34028.4096, 1000.0337
34299.2002, 1000.0337
34572.1456, 1000.0337
34847.2631, 1000.0337
35124.5699, 1000.0337
35404.0835, 1000.0337
35685.8214, 1000.0337
35969.8012, 1000.0337
36256.0409, 1000.0337
36544.5585, 1000.0337
36835.3719, 1000.0337
37128.4997, 1000.0337
37423.9601, 1000.0337
37721.7717, 1000.0337
38021.9532, 1000.0337
38324.5234, 1000.0337
38629.5016, 1000.0337
38936.9066, 1000.0337
39246.7579, 1000.0337
39559.0749, 1000.0337
39873.8773, 1000.0337
40191.1848, 1000.0337
40511.0174, 1000.0337
40833.3951, 1000.0337
41158.3382, 1000.0337
41485.8671, 1000.0337
41816.0025, 1000.0337
42148.765, 1000.0337
42484.1755, 1000.0337
42822.2551, 1000.0337
43163.0252, 1000.0337
43506.507, 1000.0337
43852.7222, 1000.0337
44201.6924, 1000.0337
44553.4397, 1000.0337
44907.9862, 1000.0337
45265.354, 1000.0337
45625.5655, 1000.0337
45988.6438, 1000.0337
46354.6112, 1000.0337
46723.491, 1000.0337
47095.3062, 1000.0337
47470.0802, 1000.6395
47847.8366, 1000.6395
48228.5991, 1000.6395
48612.3916, 1000.6395
48999.2383, 1001.2454
49389.1634, 1001.2454
49782.1914, 1001.2454
50178.3471, 1001.2454
50178.3471, 1001.8512
50577.6553, 1001.8512
50178.3471, 1001.2454
49782.1914, 1000.6395
49389.1634, 1000.0337
48999.2383, 999.4278
48612.3916, 998.8218
